#        weight    minuslogpost          sint12             m12             mu2             eps   minuslogprior minuslogprior__0            chi2      chi2__Chi2
             27       11.261097      0.30219921       2.4418834    0.0087554516      0.78631024      -2.6063418       -2.6063418       27.734877       27.734877
              4        9.707962       0.2899665       5.6894048    0.0027859096      0.72555012      -2.1693848       -2.1693848       23.754694       23.754694
              4       9.6553532      0.30924127       2.0415506     0.027109172      0.52664241      -2.6069322       -2.6069322       24.524571       24.524571
              2       9.1917318      0.31253835       2.7802534     0.048328038      0.67810073      -2.9516668       -2.9516668       24.286797       24.286797
              1       8.8916162      0.31297931       2.6843437     0.047274127      0.67704201      -2.9007467       -2.9007467       23.584726       23.584726
              4      -1.3119479      0.33269456       6.4873758     0.045158004      0.92910027      -1.6994647       -1.6994647      0.77503362      0.77503362
              2       -2.742489       0.3199776       7.3122873     0.023896777      0.61893546      -2.9573818       -2.9573818      0.42978565      0.42978565
              1      -2.7981797      0.31915788       7.5200862     0.041487577      0.60357749       -2.948137        -2.948137      0.29991455      0.29991455
              1      -2.8542693      0.31818353       7.4332856     0.039890285      0.53670204      -3.0342583       -3.0342583      0.35997789      0.35997789
              5      -2.8680123      0.31761148       7.4110083     0.039727848      0.54208318      -3.0724824       -3.0724824      0.40894036      0.40894036
              1      -2.9306117      0.31205617       7.7324162     0.038498481      0.71143659      -3.1524262       -3.1524262      0.44362899      0.44362899
              1      -1.7212447      0.30685257       7.7192632     0.044420419      0.12279494      -3.1373936       -3.1373936       2.8322977       2.8322977
              2      -1.6173248      0.32105189       9.5643932      0.10155765     0.075152609      -1.8201453       -1.8201453        0.405641        0.405641
