3.49   3.99   0.51   0.06
3.99   4.49   0.42   0.03
4.49   4.99   0.46   0.02
4.99   5.49   0.44   0.01
5.49   5.99   0.45   0.01
5.99   6.49   0.45   0.01
6.49   6.99   0.45   0.01
6.99   7.49   0.45   0.01
7.49   7.99   0.43   0.01
7.99   8.49   0.42   0.01
8.49   8.99   0.43   0.01
8.99   9.49   0.42   0.02
9.49   9.99   0.40   0.02
9.99   10.49   0.45   0.02
10.49   10.99   0.40   0.02
10.99   11.49   0.43   0.02
11.49   11.99   0.47   0.03
11.99   12.49   0.41   0.03
12.49   12.99   0.37   0.04
12.99   13.49   0.42   0.05
13.49   14.49   0.47   0.05
14.49   15.49   0.49   0.08
15.49   19.49   0.30   0.11
