22.51   2.65   0.61   0.43
27.49   2.45   0.43   0.39
39.07   3.10   0.54   0.52
43.19   2.60   0.38   0.36
48.58   2.45   0.37   0.35
53.44   2.48   0.36   0.33
59.06   2.63   0.58   0.42
63.89   2.38   0.36   0.33
68.72   2.11   0.35   0.33
73.98   2.37   0.34   0.31
79.05   1.87   0.33   0.33
83.70   2.61   0.31   0.36
89.17   3.10   0.45   0.41
93.52   2.07   0.30   0.42
98.63   2.43   0.34   0.32
104.98   3.03   0.39   0.37
109.81   3.28   0.43   0.40
114.81   3.15   0.35   0.33
119.74   1.86   0.33   0.24
124.79   2.36   0.34   0.32
129.79   2.97   0.42   0.40
135.13   1.73   0.26   0.25
140.53   2.80   0.35   0.34
145.52   2.25   0.32   0.30
149.56   1.99   0.36   0.34
156.28   2.25   0.39   0.36
160.43   1.70   0.48   0.26
165.12   1.77   0.31   0.28
168.89   2.78   0.33   0.32
174.07   2.49   0.44   0.40
180.03   3.88   0.83   0.76
183.74   2.27   0.34   0.33
188.79   1.98   0.27   0.33
194.35   2.65   0.32   0.30
199.51   2.36   0.33   0.31
204.40   2.62   0.34   0.32
209.72   2.54   0.34   0.32
214.81   2.25   0.38   0.35
219.40   3.30   0.45   0.42
224.75   2.67   0.35   0.32
230.19   2.69   0.37   0.35
235.21   2.94   0.39   0.38
238.81   2.58   0.44   0.40
244.70   2.43   0.33   0.31
247.92   3.58   0.66   0.63
255.41   2.48   0.32   0.30
260.26   2.72   0.65   0.57
265.06   3.30   0.77   0.41
270.60   2.51   0.34   0.33
275.43   2.33   0.32   0.31
280.53   3.23   0.46   0.39
286.28   2.53   0.35   0.31
290.83   2.12   0.37   0.34
295.88   2.29   0.35   0.36
300.64   2.31   0.28   0.29
305.57   1.79   0.31   0.28
309.96   2.50   0.41   0.40
314.01   2.60   0.49   0.44
331.94   1.99   0.32   0.32
336.57   2.30   0.35   0.32
341.56   2.78   0.37   0.35
347.33   2.34   0.33   0.30
352.58   2.08   0.30   0.29
358.11   2.12   0.32   0.31
362.61   2.25   0.32   0.43
367.85   2.27   0.35   0.32
372.48   1.68   0.37   0.33
377.90   2.65   0.35   0.34
383.00   2.62   0.40   0.38
387.34   2.47   0.34   0.31
392.67   2.22   0.33   0.31
397.42   2.36   0.33   0.36
402.64   2.30   0.35   0.32
408.32   2.24   0.36   0.33
413.44   2.48   0.30   0.32
418.30   2.65   0.35   0.33
423.74   2.28   0.31   0.28
428.82   1.86   0.32   0.29
433.65   2.35   0.30   0.29
439.26   2.22   0.30   0.28
444.18   2.35   0.44   0.39
448.21   2.28   0.34   0.31
453.37   2.11   0.31   0.28
458.49   2.83   0.34   0.33
463.42   2.42   0.47   0.27
469.11   2.22   0.28   0.26
474.81   2.40   0.32   0.31
479.61   2.04   0.26   0.26
484.50   2.50   0.32   0.30
489.50   2.00   0.32   0.29
494.47   2.50   0.36   0.33
499.81   2.16   0.30   0.28
505.44   1.78   0.34   0.23
510.35   2.79   0.36   0.34
515.27   3.12   0.41   0.56
520.27   2.33   0.36   0.32
525.26   2.53   0.34   0.32
529.67   2.01   0.38   0.34
533.63   2.76   0.37   0.36
538.38   2.83   0.34   0.32
543.71   1.85   0.32   0.29
548.49   2.57   0.27   0.29
553.15   2.37   0.26   0.28
558.92   2.96   0.33   0.30
565.22   2.72   0.38   0.36
569.64   2.17   0.26   0.27
574.45   2.42   0.36   0.33
579.30   2.29   0.34   0.29
584.48   2.07   0.31   0.28
590.12   1.88   0.29   0.27
595.11   2.48   0.36   0.33
599.70   2.53   0.35   0.32
604.37   2.53   0.36   0.34
609.28   2.46   0.35   0.33
614.25   2.32   0.32   0.30
620.31   1.97   0.28   0.27
624.96   2.25   0.36   0.33
631.39   2.13   0.47   0.41
635.34   2.31   0.25   0.26
640.62   1.88   0.30   0.28
645.61   2.19   0.31   0.29
651.02   2.47   0.30   0.28
656.20   2.24   0.37   0.33
660.69   2.28   0.34   0.31
665.54   2.31   0.33   0.31
670.44   2.11   0.36   0.33
675.73   2.41   0.30   0.24
680.80   1.57   0.25   0.26
684.89   2.80   0.50   0.45
693.12   3.16   0.59   0.55
696.77   3.05   0.39   0.36
701.62   1.39   0.29   0.26
706.72   2.28   0.28   0.43
712.22   2.15   0.32   0.23
717.71   1.94   0.32   0.29
722.72   2.02   0.35   0.32
727.73   1.87   0.33   0.30
732.79   1.99   0.32   0.29
737.99   1.91   0.33   0.30
743.22   2.02   0.30   0.28
748.08   2.75   0.40   0.37
752.54   2.25   0.32   0.29
757.44   2.10   0.33   0.31
762.35   1.76   0.28   0.23
767.67   2.63   0.36   0.34
772.86   2.16   0.31   0.28
778.40   2.81   0.39   0.52
783.64   1.66   0.29   0.27
788.69   2.49   0.33   0.44
793.54   2.12   0.37   0.29
798.38   2.45   0.34   0.27
803.83   2.92   0.30   0.30
809.02   2.45   0.34   0.32
813.47   2.05   0.34   0.31
818.66   1.93   0.30   0.27
823.67   2.62   0.36   0.37
828.23   2.58   0.25   0.28
833.97   2.38   0.42   0.22
839.59   2.34   0.32   0.30
844.72   2.58   0.31   0.30
849.77   2.31   0.34   0.31
854.44   2.52   0.28   0.35
859.22   2.01   0.31   0.28
865.14   1.96   0.27   0.25
871.06   2.96   0.39   0.36
875.47   2.06   0.21   0.26
880.53   1.51   0.34   0.30
885.38   2.13   0.53   0.23
890.37   2.49   0.32   0.30
894.83   3.52   0.68   0.62
898.97   2.23   0.39   0.36
903.62   1.77   0.27   0.25
908.95   2.13   0.34   0.30
913.69   2.55   0.32   0.30
918.72   2.29   0.32   0.30
924.28   2.33   0.31   0.29
929.68   1.80   0.30   0.28
934.55   2.97   0.37   0.35
939.61   1.97   0.31   0.28
944.71   2.40   0.25   0.27
949.55   2.94   0.35   0.33
955.20   2.30   0.30   0.28
960.39   1.98   0.34   0.31
964.89   2.51   0.32   0.30
969.72   2.47   0.36   0.33
975.01   2.23   0.38   0.28
979.73   2.64   0.40   0.30
985.29   2.10   0.29   0.27
991.04   1.68   0.34   0.24
995.93   2.03   0.33   0.30
1000.66   2.33   0.26   0.29
1005.75   2.14   0.28   0.29
1010.76   2.01   0.33   0.30
1016.16   2.40   0.33   0.31
1021.02   2.58   0.28   0.33
1025.41   2.03   0.31   0.29
1030.78   2.05   0.26   0.27
1035.59   1.93   0.34   0.31
1040.49   2.84   0.33   0.31
1046.06   2.00   0.29   0.28
1051.60   1.77   0.31   0.29
1056.63   2.67   0.33   0.29
1061.54   1.91   0.24   0.28
1065.05   2.40   0.46   0.63
1071.67   1.94   0.30   0.28
1077.16   2.64   0.43   0.29
1082.26   2.48   0.32   0.30
1087.53   1.84   0.31   0.29
1092.74   1.78   0.34   0.34
1097.38   1.97   0.34   0.31
1102.31   2.06   0.27   0.29
1108.28   1.91   0.29   0.27
1112.99   2.44   0.30   0.35
1117.92   2.31   0.35   0.33
1122.80   1.74   0.30   0.27
1127.71   2.06   0.33   0.31
1132.63   1.86   0.34   0.30
1135.23   3.12   0.46   0.59
1144.46   2.39   0.42   0.38
1149.23   2.10   0.31   0.31
1153.13   2.18   0.37   0.34
1158.17   2.50   0.41   0.37
1163.65   2.86   0.37   0.35
1169.64   2.50   0.33   0.31
1173.85   2.57   0.36   0.34
1178.33   3.10   0.37   0.35
1183.47   2.59   0.35   0.33
1188.31   2.47   0.31   0.29
1193.54   2.38   0.33   0.32
1199.51   1.89   0.33   0.30
1204.60   2.52   0.34   0.31
1209.32   2.70   0.42   0.39
1215.36   2.35   0.40   0.37
1219.77   2.31   0.36   0.33
1224.36   2.24   0.34   0.32
1229.90   2.22   0.35   0.24
1235.63   2.60   0.57   0.21
1240.71   1.85   0.32   0.29
1245.48   1.95   0.29   0.28
1250.02   1.66   0.37   0.32
1256.20   2.94   0.38   0.35
1260.77   2.54   0.40   0.37
1265.05   2.38   0.40   0.37
1269.62   2.09   0.46   0.27
1274.25   2.13   0.29   0.28
1279.47   2.32   0.35   0.27
1284.68   3.20   0.38   0.36
1289.99   2.03   0.30   0.27
1295.69   2.39   0.22   0.28
1301.02   3.01   0.33   0.31
1305.84   1.74   0.32   0.29
1310.53   2.78   0.34   0.32
1315.59   2.07   0.33   0.30
1321.09   2.09   0.30   0.28
1326.19   2.03   0.37   0.34
1330.47   2.62   0.35   0.39
1335.38   1.87   0.27   0.26
1340.68   1.55   0.29   0.26
1345.63   2.18   0.28   0.28
1351.43   2.87   0.30   0.29
1356.97   2.34   0.34   0.31
1361.61   2.40   0.34   0.31
1366.58   2.39   0.31   0.29
1371.22   2.21   0.38   0.34
1376.61   2.49   0.32   0.30
1382.05   2.21   0.31   0.28
1386.99   2.63   0.36   0.34
1391.52   2.03   0.31   0.28
1396.81   2.64   0.32   0.30
1401.74   3.25   0.36   0.35
1406.59   2.55   0.34   0.32
1412.40   2.16   0.32   0.29
1428.75   2.77   0.35   0.40
1433.00   2.10   0.42   0.38
1437.61   2.49   0.28   0.30
1441.53   2.38   0.43   0.39
1448.83   2.43   0.33   0.32
1453.61   2.88   0.35   0.33
1458.59   2.05   0.27   0.27
1463.79   1.89   0.33   0.30
1468.57   2.17   0.36   0.33
1473.81   2.53   0.37   0.34
1479.00   3.10   0.39   0.53
1488.64   2.17   0.34   0.32
1493.51   2.69   0.38   0.35
1497.90   2.75   0.30   0.36
1504.04   2.51   0.29   0.28
1509.10   2.06   0.34   0.31
1514.64   2.11   0.29   0.27
1520.41   2.98   0.44   0.51
1524.78   2.69   0.32   0.32
1529.82   2.28   0.23   0.27
1535.19   1.89   0.29   0.26
1540.13   2.62   0.54   0.47
1544.66   2.65   0.38   0.27
1549.82   2.89   0.33   0.31
1554.86   3.52   0.38   0.36
1559.70   2.45   0.35   0.33
1565.16   2.59   0.26   0.34
1570.78   2.43   0.34   0.31
1575.70   2.99   0.37   0.35
1580.22   3.10   0.41   0.39
1585.99   2.95   0.36   0.34
1590.96   2.46   0.32   0.27
1596.52   2.72   0.28   0.32
1601.94   1.58   0.30   0.27
1606.56   2.48   0.36   0.34
1611.29   1.86   0.34   0.30
1616.41   2.30   0.36   0.33
1621.54   2.43   0.35   0.32
1626.11   2.17   0.40   0.27
1630.13   2.89   0.38   0.44
1634.57   2.35   0.33   0.30
1639.52   2.02   0.35   0.32
1644.66   2.87   0.33   0.32
1649.86   2.77   0.38   0.37
1654.82   1.92   0.31   0.29
1660.53   1.70   0.43   0.21
1665.71   2.38   0.34   0.31
1670.58   2.43   0.36   0.33
1675.69   2.16   0.30   0.29
1680.68   2.22   0.36   0.32
1686.08   2.11   0.30   0.28
1691.32   2.08   0.35   0.32
1695.78   2.55   0.33   0.31
1700.48   1.93   0.27   0.29
1705.57   2.44   0.36   0.33
1710.48   1.77   0.30   0.27
1716.15   2.67   0.31   0.30
1721.59   2.01   0.30   0.28
1726.82   2.08   0.31   0.29
1731.72   2.37   0.31   0.29
1736.81   2.55   0.36   0.32
1741.90   2.46   0.33   0.31
1747.20   2.09   0.28   0.26
1752.02   2.37   0.37   0.34
1756.52   2.01   0.23   0.30
1761.56   2.13   0.33   0.30
1766.96   2.68   0.35   0.33
1772.24   2.27   0.32   0.29
1777.56   3.09   0.42   0.41
1783.26   2.67   0.48   0.45
1787.79   1.71   0.43   0.38
1792.80   2.37   0.31   0.30
1797.60   2.48   0.34   0.32
1802.72   3.42   0.37   0.35
1808.20   1.67   0.46   0.20
1813.53   2.66   0.34   0.31
1818.79   2.76   0.34   0.32
1823.41   2.22   0.26   0.28
1828.78   2.43   0.35   0.32
1832.70   2.68   0.59   0.43
1839.30   2.31   0.31   0.30
1844.24   2.35   0.38   0.49
1848.74   2.40   0.33   0.30
1853.64   2.19   0.34   0.31
1858.53   2.46   0.37   0.34
1863.42   1.98   0.26   0.26
1869.40   2.28   0.31   0.29
1874.60   2.49   0.35   0.33
1879.38   2.22   0.30   0.30
1884.53   2.13   0.34   0.31
1889.64   2.26   0.32   0.30
1894.94   1.97   0.46   0.23
1900.28   1.86   0.29   0.27
1905.12   2.09   0.35   0.31
1909.64   1.91   0.41   0.26
1914.60   1.67   0.30   0.27
1919.48   1.59   0.31   0.28
1924.50   2.16   0.32   0.30
1930.13   3.11   0.34   0.32
1935.41   2.43   0.31   0.31
1940.55   2.57   0.24   0.28
1945.49   2.11   0.32   0.31
1950.33   2.13   0.26   0.27
1955.56   2.75   0.35   0.33
1961.11   2.18   0.34   0.27
1966.66   2.59   0.39   0.36
1971.91   2.78   0.33   0.32
1976.86   2.47   0.38   0.48
1981.56   3.34   0.41   0.34
1986.28   2.02   0.29   0.28
1990.92   2.18   0.27   0.31
1995.08   2.10   0.36   0.32
1999.61   2.50   0.37   0.34
2004.47   2.52   0.37   0.34
2009.88   2.59   0.37   0.34
2014.72   2.03   0.21   0.27
2020.00   2.12   0.29   0.27
2025.31   2.23   0.34   0.32
2030.73   2.94   0.33   0.32
2035.68   2.38   0.30   0.30
2040.57   1.89   0.32   0.29
2045.54   2.60   0.33   0.31
2051.12   2.56   0.29   0.28
2056.07   2.27   0.36   0.33
2060.57   2.55   0.37   0.34
2065.89   2.39   0.35   0.33
2070.58   2.29   0.32   0.30
2075.42   2.73   0.40   0.37
2080.64   2.76   0.34   0.32
2086.60   1.95   0.28   0.26
2091.69   2.53   0.37   0.35
2096.63   2.10   0.32   0.29
2101.87   2.05   0.31   0.30
2106.72   2.06   0.31   0.29
2112.15   2.62   0.28   0.27
2121.88   2.26   0.31   0.29
2126.90   2.35   0.32   0.32
2131.56   2.24   0.36   0.33
2135.34   1.85   0.40   0.36
2142.34   2.18   0.29   0.37
2147.84   2.00   0.30   0.27
2152.78   2.17   0.31   0.29
2157.73   2.27   0.36   0.34
2162.69   3.24   0.41   0.40
2167.60   2.58   0.32   0.30
2173.18   1.70   0.27   0.25
2178.74   1.95   0.37   0.33
2183.53   3.00   0.36   0.34
2188.81   2.50   0.32   0.30
2193.79   2.12   0.32   0.30
2198.50   2.41   0.33   0.31
2203.96   2.46   0.39   0.36
2209.21   2.32   0.26   0.26
2213.63   2.45   0.32   0.30
2218.52   3.04   0.35   0.34
2223.90   2.61   0.34   0.32
2228.50   1.70   0.46   0.38
2233.42   3.05   0.35   0.32
2258.38   2.60   0.36   0.34
2265.15   2.27   0.28   0.27
2270.28   2.73   0.42   0.39
2274.49   2.67   0.34   0.32
2279.86   2.36   0.33   0.30
2284.93   1.89   0.33   0.30
2289.62   2.33   0.34   0.31
2294.99   2.33   0.29   0.27
2300.79   3.06   0.32   0.31
2305.80   2.57   0.35   0.32
2310.54   2.41   0.33   0.31
2315.52   2.63   0.37   0.34
2320.67   1.76   0.31   0.28
2326.33   1.74   0.27   0.25
2331.85   2.46   0.32   0.30
2336.68   1.81   0.24   0.24
2341.91   2.82   0.43   0.41
2346.68   2.12   0.40   0.30
2351.35   2.59   0.33   0.32
2355.21   2.96   0.48   0.47
2360.41   2.81   0.38   0.36
2364.61   2.39   0.32   0.32
2369.50   2.79   0.34   0.32
2374.85   2.36   0.22   0.26
2380.08   2.20   0.33   0.30
2385.33   1.86   0.28   0.26
2390.82   2.21   0.31   0.29
2395.79   2.41   0.30   0.31
2400.46   2.25   0.34   0.31
2405.50   3.00   0.29   0.29
2410.61   2.40   0.34   0.32
2416.06   1.89   0.60   0.20
2421.08   2.63   0.35   0.34
2425.78   2.53   0.31   0.30
2430.83   2.00   0.32   0.29
2435.54   2.82   0.34   0.32
2440.30   1.56   0.34   0.31
2445.80   2.37   0.30   0.28
2451.52   2.16   0.32   0.30
2456.75   1.73   0.30   0.28
2461.80   2.54   0.31   0.32
2466.65   2.93   0.37   0.35
2471.42   2.63   0.35   0.32
2477.05   2.26   0.33   0.30
2482.16   1.85   0.36   0.32
2487.55   2.03   0.25   0.24
2492.59   2.32   0.42   0.38
2496.55   1.86   0.33   0.30
2501.72   2.34   0.33   0.30
2507.11   2.63   0.32   0.30
2512.53   1.74   0.29   0.27
2517.03   2.50   0.33   0.33
2522.53   2.32   0.33   0.31
2527.65   2.48   0.20   0.30
2532.68   2.16   0.34   0.31
2538.24   2.46   0.29   0.29
2543.79   2.30   0.29   0.29
2548.79   2.27   0.34   0.32
2553.71   2.63   0.33   0.31
2558.70   2.64   0.38   0.36
2563.46   2.00   0.30   0.28
2568.88   1.88   0.30   0.27
2574.09   2.48   0.37   0.34
2578.58   2.34   0.32   0.30
2583.67   2.42   0.33   0.31
2588.63   3.17   0.44   0.41
2594.12   2.75   0.32   0.33
2599.15   1.91   0.34   0.31
2604.57   2.30   0.32   0.30
2609.57   2.24   0.33   0.30
2614.71   2.12   0.31   0.29
2619.70   3.13   0.34   0.33
2624.77   2.56   0.38   0.35
2635.13   2.88   0.35   0.35
2639.71   2.90   0.34   0.32
2644.59   2.17   0.34   0.31
2649.49   2.21   0.25   0.27
2654.73   2.70   0.35   0.32
2660.24   2.99   0.32   0.30
2665.82   3.16   0.36   0.35
2670.89   2.51   0.32   0.30
2675.85   2.47   0.34   0.31
2680.60   2.49   0.31   0.32
2685.88   1.65   0.35   0.32
2691.11   1.92   0.30   0.28
2696.41   2.28   0.33   0.31
2701.23   2.90   0.33   0.32
2706.48   2.53   0.31   0.29
2711.84   2.65   0.33   0.32
2717.02   1.97   0.30   0.28
2722.10   2.49   0.34   0.31
2726.34   2.45   0.39   0.35
2730.38   1.92   0.36   0.33
2735.59   2.05   0.30   0.27
2741.06   2.29   0.27   0.28
2745.89   2.48   0.37   0.34
2751.33   2.15   0.22   0.26
2756.61   1.76   0.34   0.31
2761.86   2.81   0.39   0.37
2766.45   2.43   0.32   0.30
2771.41   2.42   0.32   0.29
2776.25   2.36   0.39   0.31
2782.14   2.29   0.31   0.29
2786.94   2.41   0.23   0.29
2791.71   1.77   0.28   0.25
2796.91   2.50   0.33   0.31
2800.69   2.23   0.45   0.39
2824.49   2.55   0.47   0.44
2827.59   1.93   0.33   0.30
2832.57   2.41   0.30   0.29
2837.79   2.39   0.34   0.32
2843.23   2.17   0.29   0.27
2848.20   2.13   0.34   0.31
2852.65   2.19   0.28   0.27
2857.61   1.83   0.28   0.27
2862.67   2.17   0.28   0.27
2867.68   2.06   0.30   0.28
2873.17   2.13   0.35   0.23
2876.72   2.26   0.61   0.55
2891.71   2.95   0.60   0.54
2904.46   1.61   0.32   0.29
2909.57   2.54   0.35   0.31
2914.75   2.76   0.34   0.32
2919.85   1.80   0.30   0.28
2924.96   2.38   0.32   0.30
2929.84   2.74   0.36   0.34
2935.00   1.84   0.34   0.31
2940.33   2.19   0.35   0.32
2944.80   3.01   0.39   0.37
2949.50   1.95   0.32   0.29
2954.54   2.73   0.33   0.31
2959.24   2.61   0.36   0.33
2965.26   2.19   0.29   0.27
2970.48   2.49   0.34   0.32
2975.15   2.53   0.34   0.31
2980.34   2.33   0.30   0.28
2985.77   2.57   0.33   0.31
2990.84   1.97   0.39   0.24
2996.18   2.34   0.29   0.28
3000.93   1.66   0.32   0.30
3005.57   2.86   0.32   0.30
3010.57   2.55   0.30   0.32
3015.26   2.10   0.27   0.27
3020.22   2.56   0.35   0.32
3025.86   2.22   0.31   0.29
3031.51   3.17   0.41   0.38
3036.84   2.62   0.30   0.28
3041.51   1.98   0.36   0.24
3046.04   2.30   0.32   0.30
3051.87   2.60   0.33   0.31
3056.74   3.12   0.53   0.31
3062.33   2.33   0.38   0.35
3069.42   1.95   0.52   0.45
3072.15   2.69   0.42   0.57
3083.24   2.77   0.47   0.46
3086.88   3.56   0.38   0.36
3091.16   2.16   0.35   0.32
3095.14   2.53   0.32   0.31
3100.36   1.97   0.31   0.31
3105.68   2.01   0.31   0.29
3110.66   2.06   0.30   0.29
3116.03   2.16   0.30   0.28
3121.41   2.54   0.31   0.40
3126.41   2.77   0.31   0.45
3131.40   2.49   0.31   0.30
3136.83   2.39   0.38   0.35
3141.88   2.47   0.34   0.32
3147.28   2.02   0.30   0.28
3156.88   2.23   0.31   0.29
3162.04   1.83   0.37   0.33
3166.82   1.90   0.42   0.22
3171.47   3.40   0.47   0.44
3177.04   2.54   0.27   0.27
3182.44   1.99   0.32   0.29
3187.71   2.15   0.31   0.28
3192.73   1.97   0.33   0.32
3197.39   1.50   0.36   0.31
3202.35   2.56   0.35   0.33
3207.92   2.01   0.29   0.26
3213.14   2.22   0.33   0.31
3217.81   1.91   0.35   0.48
3222.87   2.06   0.51   0.26
3227.59   1.92   0.31   0.29
3232.63   2.79   0.33   0.31
3264.33   2.65   0.45   0.42
3269.29   2.81   0.33   0.31
3274.84   2.04   0.32   0.30
3279.81   1.84   0.34   0.31
3284.50   2.62   0.33   0.31
3289.63   2.19   0.32   0.30
3294.61   2.51   0.35   0.33
3299.79   2.96   0.35   0.33
3305.03   2.08   0.35   0.32
3309.42   2.08   0.34   0.32
3313.18   2.93   0.56   0.50
3319.69   2.26   0.27   0.27
3323.41   2.77   0.46   0.43
3330.89   2.59   0.40   0.26
3335.84   2.49   0.33   0.31
3340.84   2.61   0.30   0.29
3345.66   3.01   0.37   0.34
3350.55   2.21   0.36   0.33
3355.72   2.61   0.32   0.31
3361.07   2.51   0.33   0.30
3366.57   1.94   0.29   0.27
3371.30   2.36   0.33   0.32
3375.89   1.96   0.33   0.30
3380.74   2.58   0.30   0.31
3385.80   2.49   0.31   0.30
3391.50   2.16   0.29   0.27
3396.76   2.51   0.40   0.36
3401.41   2.04   0.33   0.30
3406.80   2.72   0.36   0.33
3411.36   2.37   0.34   0.32
3416.36   2.42   0.31   0.29
3422.07   1.90   0.30   0.28
3427.82   2.71   0.32   0.32
3432.61   2.04   0.28   0.29
3437.73   1.85   0.30   0.27
3441.69   2.76   0.41   0.45
3448.47   1.78   0.33   0.29
3452.61   1.84   0.34   0.33
3456.24   1.77   0.31   0.27
3460.78   1.54   0.28   0.25
3465.68   2.09   0.30   0.27
3470.40   1.97   0.37   0.32
3476.84   3.07   0.44   0.40
3481.46   2.26   0.32   0.29
3486.39   1.98   0.38   0.33
3492.72   2.27   0.48   0.41
3497.64   2.79   0.44   0.39
3501.34   2.71   0.36   0.33
3506.44   2.43   0.33   0.30
3511.92   1.85   0.25   0.25
3517.11   2.36   0.36   0.33
3521.61   2.26   0.31   0.29
3526.64   1.88   0.33   0.29
3531.84   1.90   0.38   0.28
3536.78   2.60   0.35   0.33
