9.832887700534760356e-01 2.357966529529622879e-01
9.832895781413983904e-01 2.357961470864010090e-01
9.832920023323267200e-01 2.993602032682148861e-01
9.832960424077469286e-01 2.867425392439362231e-01
9.833016980034838816e-01 2.369637672230996694e-01
9.833089686097227222e-01 3.053708305950282309e-01
9.833178535710384027e-01 2.790068907473250426e-01
9.833283520864346539e-01 2.394391688638842219e-01
9.833404632093908360e-01 3.102726406151373184e-01
9.833541858479186715e-01 2.711363321781377067e-01
9.833695187646260827e-01 2.432130616547201196e-01
9.833864605767902445e-01 3.138205143810922082e-01
9.834050097564394077e-01 2.633834541863863121e-01
9.834251646304434935e-01 2.482660838957292671e-01
9.834469233806132360e-01 3.157755121382911367e-01
9.834702840438070970e-01 2.560105766591551091e-01
9.834952445120488385e-01 2.545540898354934911e-01
9.835218025326514235e-01 3.159175345461849305e-01
9.835499557083519084e-01 2.492954990132465742e-01
9.835797014974531072e-01 2.619869637579482768e-01
9.836110372139756919e-01 3.140660095124973572e-01
9.836439600278173989e-01 2.435356547853298470e-01
9.836784669649225599e-01 2.704006643124249876e-01
9.837145549074602924e-01 3.101088273246407900e-01
9.837522205940091302e-01 2.390497293765380671e-01
9.837914606197550871e-01 2.795234585241865299e-01
9.838322714366934951e-01 3.040380919432233986e-01
9.838746493538444993e-01 2.361754204998104956e-01
9.839185905374727703e-01 2.889398764136306141e-01
9.839640910113213179e-01 2.959889395608410467e-01
9.840111466568493004e-01 2.352610884166312366e-01
9.840597532134831571e-01 2.980601683679049985e-01
9.841099062788732921e-01 2.862750934016464743e-01
9.841616013091628590e-01 2.366472989646697667e-01
9.842148336192633185e-01 3.061088220558708661e-01
9.842695983831402096e-01 2.754128517605622384e-01
9.843258906341086911e-01 2.406316140101566192e-01
9.843837052651369657e-01 3.121515811098501403e-01
9.844430370291603616e-01 2.641250760693316657e-01
9.845038805394035197e-01 2.474069831162246380e-01
9.845662302697123502e-01 3.151829137885843179e-01
9.846300805548963142e-01 2.533194680997420956e-01
9.846954255910785880e-01 2.569628008068880476e-01
9.847622594360568860e-01 3.142893334054245313e-01
9.848305760096733863e-01 2.440407006499193399e-01
9.849003690941932065e-01 2.689427844862410377e-01
9.849716323346955349e-01 3.088826004553008597e-01
9.850443592394699799e-01 2.374009593889142011e-01
9.851185431804264647e-01 2.824728563797096470e-01
9.851941773935130042e-01 2.989602729974161210e-01
9.852712549791433627e-01 2.344924499853508204e-01
9.853497689026352591e-01 2.960124080578687145e-01
9.854297119946573424e-01 2.853117187888788431e-01
9.855110769516869373e-01 2.362719323729326193e-01
9.855938563364777805e-01 3.073399538736575343e-01
9.856780425785371946e-01 2.695727223338389988e-01
9.857636279746132546e-01 2.433803941134746740e-01
9.858506046891933883e-01 3.138265649281249958e-01
9.859389647550111935e-01 2.540691334814862423e-01
9.860287000735645790e-01 2.558366978580113305e-01
9.861198024156442310e-01 3.131070810166841079e-01
9.862122634218722927e-01 2.414770249582627593e-01
9.863060746032504822e-01 2.725691519534352847e-01
9.864012273417195331e-01 3.040609787260883379e-01
9.864977128907297388e-01 2.344054885377266917e-01
9.865955223758196002e-01 2.908962523369288400e-01
9.866946467952077970e-01 2.877056977665660709e-01
9.867950770203932631e-01 2.349869317744412989e-01
9.868968037967684737e-01 3.063639230219439846e-01
9.869998177442407261e-01 2.674324226890626988e-01
9.871041093578660774e-01 2.443994530677439936e-01
9.872096690084932735e-01 3.135989298397015568e-01
9.873164869434184476e-01 2.482787274365043928e-01
9.874245532870512543e-01 2.620747753922410550e-01
9.875338580415915501e-01 3.085389050759987373e-01
9.876443910877160670e-01 2.355629366833345839e-01
9.877561421852786294e-01 2.845180629015421903e-01
9.878691009740184770e-01 2.911989341203344295e-01
9.879832569742813542e-01 2.335672275899340899e-01
9.880985995877523687e-01 3.045513315055733417e-01
9.882151180981978422e-01 2.668926445001544301e-01
9.883328016722204845e-01 2.444662832280778964e-01
9.884516393600244477e-01 3.129253593150371771e-01
9.885716200961928157e-01 2.444574476123353157e-01
9.886927327004754185e-01 2.668156190820282769e-01
9.888149658785891916e-01 3.034815430262673419e-01
9.889383082230281952e-01 2.326573134078855076e-01
9.890627482138872884e-01 2.933464311801312618e-01
9.891882742196954625e-01 2.788634650283207117e-01
9.893148744982624976e-01 2.372236505805741247e-01
9.894425371975347216e-01 3.108168079678043094e-01
9.895712503564650930e-01 2.507004556716273536e-01
9.897010019058934960e-01 2.586626928454013874e-01
9.898317796694381387e-01 3.067636814572026194e-01
9.899635713644007184e-01 2.331205143935646817e-01
9.900963646026810228e-01 2.889470006576619343e-01
9.902301468917048544e-01 2.810914910953866142e-01
9.903649056353632796e-01 2.358281727059534927e-01
9.905006281349633124e-01 3.100412862281288762e-01
9.906373015901911439e-01 2.493013287949928103e-01
9.907749131000868070e-01 2.600497099783677935e-01
9.909134496640309431e-01 3.041344275913868689e-01
9.910528981827432249e-01 2.314498482849869088e-01
9.911932454592932151e-01 2.937008690069338179e-01
9.913344782001217714e-01 2.729757858388164871e-01
9.914765830160773286e-01 2.397496565622544984e-01
9.916195464234600632e-01 3.109234521747317181e-01
9.917633548450823788e-01 2.402906886055395375e-01
9.919079946113378288e-01 2.719758542053645201e-01
9.920534519612843605e-01 2.929696323182076623e-01
9.921997130437376633e-01 2.309979429377670701e-01
9.923467639183790601e-01 3.049260921159770432e-01
9.924945905568726134e-01 2.544464774586677192e-01
9.926431788439959991e-01 2.541988051723542696e-01
9.927925145787830363e-01 3.045481206617547953e-01
9.929425834756783198e-01 2.303845281523674571e-01
9.930933711657030649e-01 2.939867000520119955e-01
9.932448631976341646e-01 2.677192101354242126e-01
9.933970450391936824e-01 2.428066989756157978e-01
9.935499020782521118e-01 3.088353777343330608e-01
9.937034196240426276e-01 2.333129671367173141e-01
9.938575829083867719e-01 2.839903146676170387e-01
9.940123770869325748e-01 2.769684988369612300e-01
9.941677872404053318e-01 2.366945623692012224e-01
9.943237983758679288e-01 3.092401072477149460e-01
9.944803954279970437e-01 2.361865043449559720e-01
9.946375632603655648e-01 2.777105873483107779e-01
9.947952866667423288e-01 2.814063658888088515e-01
9.949535503723997421e-01 2.340896549780758507e-01
9.951123390354343901e-01 3.086333808309065785e-01
9.952716372481004159e-01 2.369354187293740144e-01
9.954314295381520017e-01 2.760437208296454004e-01
9.955917003701996171e-01 2.811269258687371653e-01
9.957524341470764817e-01 2.339736798531140138e-01
9.959136152112171292e-01 3.082343436098908263e-01
9.960752278460472953e-01 2.349206008419653380e-01
9.962372562773841311e-01 2.791677915945960375e-01
9.963996846748496283e-01 2.760684350800842735e-01
9.965624971532934806e-01 2.366012269411207070e-01
9.967256777742272700e-01 3.073459818342805239e-01
9.968892105472708653e-01 2.308810630507843742e-01
9.970530794316085910e-01 2.867724680092801348e-01
9.972172683374572744e-01 2.659620162219875628e-01
9.973817611275435091e-01 2.434889301330546985e-01
9.975465416185941292e-01 3.033224135912395703e-01
9.977115935828345661e-01 2.271802071173043280e-01
9.978769007494999732e-01 2.971597444479129324e-01
9.980424468063552323e-01 2.514017444521270961e-01
9.982082154012269504e-01 2.567072380162334078e-01
9.983741901435441157e-01 2.922542934367733936e-01
9.985403546058886359e-01 2.280473944084566162e-01
9.987066923255591977e-01 3.054687475316745782e-01
9.988731868061402341e-01 2.356717381660775879e-01
9.990398215190846587e-01 2.766808489873139321e-01
9.992065799053040376e-01 2.717238904972784086e-01
9.993734453767694204e-01 2.389020857775339124e-01
9.995404013181212743e-01 3.029932214787646738e-01
9.997074310882885229e-01 2.259511647438452731e-01
9.998745180221169093e-01 2.977529242616770433e-01
1.000041645432006687e+00 2.456256479769222678e-01
1.000208796609559192e+00 2.629921251219080602e-01
1.000375954827231517e+00 2.822610454455354856e-01
1.000543103340000073e+00 2.318923526387375589e-01
1.000710225387033914e+00 3.047764009414678510e-01
1.000877304193374062e+00 2.266403783746851475e-01
1.001044322971623046e+00 2.930217753415299553e-01
1.001211264923641098e+00 2.487736068754055896e-01
1.001378113242250345e+00 2.593231908546673736e-01
1.001544851112948553e+00 2.829829357958050795e-01
1.001711461715626639e+00 2.311318144306969691e-01
1.001877928226297509e+00 3.038190719345316149e-01
1.002044233818828900e+00 2.252934980925044572e-01
1.002210361666685312e+00 2.952440908186459989e-01
1.002376294944675506e+00 2.432393927658663690e-01
1.002542016830706650e+00 2.656222918492824325e-01
1.002707510507546251e+00 2.742370667625514402e-01
1.002872759164587846e+00 2.365362167853517772e-01
1.003037745999624697e+00 2.991159120776601954e-01
1.003202454220628370e+00 2.237236064439062366e-01
1.003366867047533972e+00 3.016589420004459621e-01
1.003530967714028721e+00 2.315130690893734966e-01
1.003694739469347619e+00 2.814869580353017153e-01
1.003858165580072903e+00 2.552600097651627209e-01
1.004021229331939491e+00 2.525291198830502126e-01
1.004183914031643088e+00 2.833019624981745199e-01
1.004346203008654514e+00 2.301695030823031063e-01
1.004508079617036698e+00 3.010777887608198089e-01
1.004669527237266102e+00 2.227898547437097976e-01
1.004830529278057050e+00 2.995270160503514245e-01
1.004991069178191365e+00 2.315622612273145198e-01
1.005151130408348248e+00 2.808398247405389792e-01
1.005310696472939025e+00 2.524248777890086282e-01
1.005469750911944793e+00 2.553582216901380542e-01
1.005628277302753837e+00 2.772737928467229884e-01
1.005786259262004601e+00 2.338625966789604771e-01
1.005943680447427768e+00 2.962104868901139776e-01
1.006100524559691456e+00 2.228053114047862104e-01
1.006256775344247512e+00 3.018386021138721453e-01
1.006412416593177817e+00 2.240323106936683295e-01
1.006567432147043251e+00 2.928897321620682059e-01
1.006721805896731770e+00 2.361154220453620944e-01
1.006875521785306704e+00 2.740509751003392114e-01
1.007028563809856170e+00 2.552669771913538277e-01
1.007180916023341144e+00 2.525279526428277910e-01
1.007332562536443321e+00 2.760254871212899364e-01
1.007483487519412524e+00 2.345043867059933007e-01
1.007633675203911894e+00 2.925509134748641160e-01
1.007783109884862638e+00 2.235760745523128479e-01
1.007931775922287443e+00 3.004883065300754108e-01
1.008079657743149671e+00 2.209214793990714187e-01
1.008226739843193887e+00 2.983941535850617166e-01
1.008373006788779724e+00 2.260434338115330233e-01
1.008518443218715532e+00 2.878322642489309913e-01
1.008663033846089130e+00 2.373459420287354904e-01
1.008806763460092792e+00 2.722325340566408847e-01
1.008949616927846016e+00 2.524755795317231155e-01
1.009091579196214949e+00 2.553728180106057399e-01
1.009232635293624281e+00 2.686481631296562256e-01
1.009372770331869340e+00 2.402875280622009113e-01
1.009511969507918216e+00 2.831051494031190940e-01
1.009650218105711650e+00 2.288617475840030169e-01
1.009787501497956708e+00 2.936360658436581450e-01
1.009923805147912912e+00 2.219249221270853389e-01
1.010059114611175479e+00 2.989766845029297460e-01
1.010193415537447903e+00 2.195411242887479186e-01
1.010326693672311205e+00 2.989293823970240460e-01
1.010458934858983415e+00 2.212898988857595617e-01
1.010590125040074172e+00 2.941924491233393057e-01
1.010720250259327768e+00 2.264659079377048523e-01
1.010849296663362207e+00 2.860114364987393354e-01
1.010977250503397151e+00 2.342078024091571453e-01
1.011104098136973883e+00 2.758049969560976145e-01
1.011229826029665713e+00 2.435902643433260073e-01
1.011354420756780392e+00 2.648768251789866413e-01
1.011477869005050767e+00 2.537034263130499290e-01
1.011600157574316983e+00 2.542549491695722530e-01
1.011721273379198482e+00 2.637257569546500591e-01
1.011841203450753124e+00 2.446440200926125463e-01
1.011959934938128081e+00 2.729840660625439952e-01
1.012077455110198088e+00 2.364514198827918912e-01
1.012193751357192140e+00 2.809914104510787269e-01
1.012308811192308200e+00 2.298479093475314372e-01
1.012422622253315696e+00 2.874579340760488599e-01
1.012535172304146025e+00 2.248350875475933763e-01
1.012646449236469959e+00 2.922763957836794213e-01
1.012756441071261282e+00 2.213048862018386631e-01
1.012865135960347329e+00 2.954894617118891120e-01
1.012972522187946200e+00 2.190858783954742206e-01
1.013078588172189320e+00 2.972480182804601023e-01
1.013183322466629344e+00 2.179765437003629847e-01
1.013286713761734958e+00 2.977689899388916150e-01
1.013388750886368372e+00 2.177678263313495288e-01
1.013489422809248808e+00 2.972986375264305425e-01
1.013588718640400899e+00 2.182577010124540640e-01
1.013686627632586656e+00 2.960843848608277207e-01
1.013783139182719673e+00 2.192600568813709572e-01
1.013878242833266441e+00 2.943557712544646043e-01
1.013971928273627032e+00 2.206096211690405928e-01
1.014064185341501334e+00 2.923135284653750610e-01
1.014155004024237750e+00 2.221641351042455415e-01
1.014244374460162357e+00 2.901250129933015676e-01
1.014332286939892080e+00 2.238046325699902805e-01
1.014418731907629434e+00 2.879240748892304413e-01
1.014503699962438832e+00 2.254344377795677035e-01
1.014587181859502030e+00 2.858136593299599459e-01
1.014669168511358688e+00 2.269773481754784328e-01
1.014749650989124508e+00 2.838698091499550769e-01
1.014828620523690494e+00 2.283753646385329183e-01
1.014906068506902903e+00 2.821461287302180487e-01
1.014981986492724086e+00 2.295862489453520117e-01
1.015056366198370474e+00 2.806781101907793730e-01
1.015129199505433011e+00 2.305811166581376581e-01
1.015200478460974942e+00 2.794869855167668726e-01
1.015270195278608956e+00 2.313422090779672646e-01
1.015338342339553890e+00 2.785829534676858565e-01
1.015404912193669240e+00 2.318609309898019555e-01
1.015469897560468127e+00 2.779677506053372382e-01
1.015533291330108279e+00 2.321361932525727312e-01
1.015595086564361704e+00 2.776366076685401474e-01
1.015655276497561044e+00 2.321730618099682730e-01
1.015713854537523497e+00 2.775796707722708034e-01
1.015770814266452993e+00 2.319816874462697631e-01
1.015826149441818371e+00 2.777829834597564940e-01
1.015879853997208704e+00 2.315764728899104008e-01
1.015931922043165736e+00 2.782291291210844397e-01
1.015982347867992353e+00 2.309754243656673978e-01
1.016031125938537505e+00 2.788976294942271394e-01
1.016078250900957158e+00 2.301996319126717316e-01
1.016123717581451924e+00 2.797651873841809356e-01
1.016167520986979156e+00 2.292728253548039219e-01
1.016209656305942399e+00 2.808058523029877129e-01
1.016250118908854194e+00 2.282209592704897982e-01
1.016288904348976896e+00 2.819911773094648244e-01
1.016326008362936184e+00 2.270717894674784687e-01
1.016361426871310814e+00 2.832904241014145286e-01
1.016395155979197940e+00 2.258544142984257597e-01
1.016427191976751798e+00 2.846708612746992606e-01
1.016457531339697740e+00 2.245987655067028244e-01
1.016486170729821170e+00 2.860981874519968882e-01
1.016513106995430737e+00 2.233350444475539487e-01
1.016538337171795536e+00 2.875370966074138335e-01
1.016561858481556557e+00 2.220931094873591083e-01
1.016583668335112822e+00 2.889519876144194810e-01
1.016603764330981541e+00 2.209018287645835577e-01
1.016622144256131399e+00 2.903078043265177044e-01
1.016638806086290980e+00 2.197884185867520213e-01
1.016653747986229872e+00 2.915709772728858895e-01
1.016666968310014019e+00 2.187777915577666377e-01
1.016678465601236203e+00 2.927104244551839707e-01
1.016688238593216553e+00 2.178919399852994598e-01
1.016696286209180622e+00 2.936985580953029307e-01
1.016702607562409488e+00 2.171493794219737372e-01
1.016707201956362105e+00 2.945122377387936474e-01
1.016710068884773221e+00 2.165646748443063041e-01
1.016711208031724212e+00 2.951336088643869981e-01
1.016710619271685712e+00 2.161480682452876501e-01
1.016708302669536712e+00 2.955507705681963415e-01
1.016704258480554790e+00 2.159052219974346432e-01
1.016698487150380359e+00 2.957582258456042390e-01
1.016690989314954496e+00 2.158370873762452125e-01
1.016681765800431680e+00 2.957570826503540529e-01
1.016670817623062328e+00 2.159399026531155230e-01
1.016658145989053130e+00 2.955549918063281600e-01
1.016643752294398739e+00 2.162053201943143488e-01
1.016627638124686595e+00 2.951658270690873942e-01
1.016609805254876653e+00 2.166206572880227388e-01
1.016590255649054031e+00 2.946091310821908893e-01
1.016568991460157001e+00 2.171692609455440626e-01
1.016546015029675232e+00 2.939093666558916795e-01
1.016521328887326714e+00 2.178309729874503553e-01
1.016494935750703599e+00 2.930950241088463026e-01
1.016466838524897165e+00 2.185826782836686466e-01
1.016437040302091921e+00 2.921976413374260950e-01
1.016405544361138613e+00 2.193989165857184453e-01
1.016372354167097480e+00 2.912507934723061465e-01
1.016337473370758859e+00 2.202525370884630407e-01
1.016300905808136701e+00 2.902891037538140595e-01
1.016262655499937440e+00 2.211153750864193746e-01
1.016222726651003327e+00 2.893473174460813868e-01
1.016181123649731122e+00 2.219589321526316550e-01
1.016137851067464570e+00 2.884594673755589977e-01
1.016092913657864027e+00 2.227550452193875485e-01
1.016046316356249202e+00 2.876581443109020864e-01
1.015998064278919699e+00 2.234765357898471083e-01
1.015948162722448034e+00 2.869738691249013596e-01
1.015896617162952431e+00 2.240978380408919501e-01
1.015843433255341210e+00 2.864345474996718433e-01
1.015788616832537183e+00 2.245956132548052042e-01
1.015732173904675406e+00 2.860649726279137495e-01
1.015674110658279394e+00 2.249493671950344442e-01
1.015614433455411802e+00 2.858863274458315895e-01
1.015553148832804897e+00 2.251420959272059097e-01
1.015490263500965273e+00 2.859156258098563552e-01
1.015425784343256366e+00 2.251609930454426534e-01
1.015359718414960311e+00 2.861650221751558809e-01
1.015292072942314938e+00 2.249982563398492952e-01
1.015222855321529671e+00 2.866409125125058410e-01
1.015152073117780107e+00 2.246520333208748554e-01
1.015079734064179284e+00 2.873427468678489971e-01
1.015005846060728523e+00 2.241275414488709261e-01
1.014930417173247168e+00 2.882614785817061986e-01
1.014853455632281021e+00 2.234383892726196918e-01
1.014774969831989004e+00 2.893775907046292062e-01
1.014694968329010960e+00 2.226081076029219064e-01
1.014613459841313681e+00 2.906586723998864086e-01
1.014530453247016961e+00 2.216718746655668149e-01
1.014445957583202107e+00 2.920565750546260109e-01
1.014359982044696684e+00 2.206783850585125606e-01
1.014272535982843948e+00 2.935042691728381170e-01
1.014183628904250956e+00 2.196917692835683167e-01
1.014093270469518471e+00 2.949126592517105627e-01
1.014001470491952439e+00 2.187934182114506243e-01
1.013908238936257478e+00 2.961678026264104036e-01
1.013813585917211268e+00 2.180835042743285435e-01
1.013717521698322965e+00 2.971292196018724407e-01
1.013620056690472948e+00 2.176819148685588956e-01
1.013521201450534814e+00 2.976302590029629158e-01
1.013420966679983382e+00 2.177282153237772022e-01
1.013319363223482261e+00 2.974817497111600373e-01
1.013216402067458333e+00 2.183801232190568098e-01
1.013112094338658897e+00 2.964803379034764985e-01
1.013006451302692401e+00 2.198097795749749950e-01
1.012899484362555613e+00 2.944228477393913135e-01
1.012791205057144150e+00 2.221968193350466192e-01
1.012681625059749235e+00 2.911275416908435942e-01
1.012570756176538911e+00 2.257168629069788157e-01
1.012458610345026377e+00 2.864621382981524800e-01
1.012345199632523007e+00 2.305236157864994362e-01
1.012230536234578926e+00 2.803768139960748917e-01
1.012114632473410047e+00 2.367224413054505594e-01
1.011997500796312233e+00 2.729383425508439265e-01
1.011879153774061679e+00 2.443334456193098081e-01
1.011759604099304433e+00 2.643595175878346581e-01
1.011638864584934128e+00 2.532434686281593295e-01
1.011516948162455964e+00 2.550168968269767578e-01
1.011393867880340913e+00 2.631498675606561144e-01
1.011269636902369484e+00 2.454506209972929787e-01
1.011144268505962174e+00 2.735055153080223622e-01
1.011017776080502584e+00 2.363430648582470761e-01
1.010890173125647218e+00 2.834839958354224976e-01
1.010761473249629061e+00 2.284777112444154046e-01
1.010631690167547614e+00 2.919941601004281684e-01
1.010500837699653598e+00 2.226836979139380779e-01
1.010368929769621893e+00 2.977777701888340567e-01
1.010235980402817813e+00 2.197716308171223654e-01
1.010102003724554054e+00 2.996132328063909056e-01
1.009967013958339876e+00 2.204596223133417354e-01
1.009831025424122952e+00 2.966141819219774156e-01
1.009694052536524334e+00 2.252754716403274626e-01
1.009556109803065871e+00 2.885572659544717866e-01
1.009417211822390081e+00 2.344083900735052239e-01
1.009277373282476242e+00 2.761233744474584917e-01
1.009136608958847381e+00 2.474875915783637248e-01
1.008994933712773934e+00 2.609316041545274301e-01
1.008852362489470966e+00 2.633078096104043420e-01
1.008708910316290286e+00 2.453139917987150753e-01
1.008564592300907670e+00 2.796164844480569789e-01
1.008419423629506317e+00 2.318986048335579531e-01
1.008273419564954976e+00 2.931923226613870059e-01
1.008126595444983398e+00 2.231577274068837768e-01
1.007978966680353139e+00 3.004690130924399516e-01
1.007830548753026356e+00 2.210508451799022001e-01
1.007681357214329720e+00 2.987405313609668989e-01
1.007531407683117664e+00 2.267421882384511589e-01
1.007380715843932295e+00 2.875191187780720137e-01
1.007229297445160654e+00 2.402143350793917442e-01
1.007077168297191294e+00 2.692379207409300035e-01
1.006924344270568872e+00 2.596344243928415119e-01
1.006770841294146512e+00 2.487018238382453506e-01
1.006616675353240176e+00 2.807248782020786981e-01
1.006461862487778136e+00 2.315299888220864188e-01
1.006306418790453794e+00 2.970087490657599694e-01
1.006150360404876487e+00 2.225374819400872117e-01
1.005993703523722305e+00 3.018996558684025611e-01
1.005836464386887119e+00 2.247553584093746337e-01
1.005678659279638287e+00 2.922860682288417888e-01
1.005520304530768572e+00 2.388071833689701939e-01
1.005361416510750283e+00 2.711562922232628736e-01
1.005202011629892533e+00 2.618659697584823087e-01
1.005042106336499153e+00 2.466877244833404759e-01
1.004881717115028161e+00 2.864951632259987724e-01
1.004720860484254352e+00 2.283261650865788805e-01
1.004559552995434979e+00 3.017650511282712888e-01
1.004397811230476778e+00 2.230994285804678290e-01
1.004235651800106544e+00 2.988352642928622793e-01
1.004073091342046142e+00 2.339284242118397916e-01
1.003910146519188640e+00 2.780218723608954834e-01
1.003746834017780643e+00 2.583714302862474832e-01
1.003583170545607528e+00 2.499316854530629906e-01
1.003419172830182005e+00 2.866962015971516453e-01
1.003254857616939333e+00 2.287236653227701089e-01
1.003090241667434546e+00 3.032608507627431726e-01
1.002925341757546995e+00 2.246183026780783354e-01
1.002760174675688232e+00 2.962272381799084808e-01
1.002594757221015875e+00 2.407395476380134458e-01
1.002429106201653930e+00 2.690991807301277294e-01
1.002263238432915982e+00 2.710775976319825809e-01
1.002097170735538612e+00 2.392731301168202207e-01
1.001930919933916364e+00 2.985457698049617803e-01
1.001764502854346928e+00 2.246745659823496666e-01
1.001597936323279869e+00 3.026173078579643683e-01
1.001431237165574695e+00 2.341399900787081434e-01
1.001264422202762905e+00 2.785631272624206067e-01
1.001097508251320267e+00 2.642982206367393561e-01
1.000930512120943527e+00 2.447959904917864915e-01
1.000763450612836891e+00 2.964776112244179029e-01
1.000596340518003835e+00 2.257909725345770835e-01
1.000429198615549353e+00 3.038851508985017102e-01
1.000262041670987534e+00 2.346375142244963852e-01
1.000094886434558683e+00 2.782092160360759014e-01
9.999277496395548859e-01 2.675525879178826671e-01
9.997606480006528962e-01 2.422699058772080083e-01
9.995935982122566843e-01 3.003972142454884309e-01
9.994266169468483119e-01 2.258507028719307086e-01
9.992597208533470221e-01 3.013029612351013631e-01
9.990929265554786554e-01 2.420917632406341946e-01
9.989262506501529471e-01 2.678837272388128188e-01
9.987597097058508178e-01 2.806647890173555315e-01
9.985933202610211001e-01 2.335792228852681118e-01
9.984270988224858145e-01 3.063610383491358613e-01
9.982610618638571021e-01 2.293783991794486887e-01
9.980952258239610408e-01 2.893871281365642534e-01
9.979296071052746742e-01 2.603858357616203878e-01
9.977642220723702549e-01 2.484187645713746839e-01
9.975990870503707031e-01 2.995959555688159637e-01
9.974342183234164994e-01 2.270728465969278631e-01
9.972696321331397940e-01 3.018347898573305876e-01
9.971053446771523943e-01 2.463175572961357751e-01
9.969413721075423007e-01 2.629050495701949486e-01
9.967777305293802348e-01 2.897405156158443518e-01
9.966144359992398227e-01 2.299358783603870082e-01
9.964515045237249957e-01 3.069328257848094599e-01
9.962889520580106018e-01 2.386597451538164660e-01
9.961267945043926764e-01 2.733173855033316224e-01
9.959650477108514810e-01 2.821079138589554502e-01
9.958037274696233121e-01 2.336420633511765155e-01
9.956428495157850778e-01 3.083886842200085354e-01
9.954824295258499767e-01 2.355453131268859523e-01
9.953224831163732800e-01 2.787390530885604512e-01
9.951630258425718800e-01 2.787409688275843678e-01
9.950040731969521657e-01 2.356755773884919580e-01
9.948456406079517755e-01 3.089131267796771385e-01
9.946877434385921202e-01 2.354580102143879194e-01
9.945303969851421177e-01 2.793104567346248457e-01
9.943736164757939200e-01 2.800958100690517649e-01
9.942174170693506285e-01 2.351789038412750443e-01
9.940618138539242254e-01 3.093287684806572679e-01
9.939068218456483805e-01 2.380648769804059872e-01
9.937524559873984753e-01 2.751149104002727497e-01
9.935987311475281691e-01 2.860009197392852087e-01
9.934456621186144032e-01 2.327166329604960227e-01
9.932932636162155049e-01 3.085442948835857013e-01
9.931415502776422821e-01 2.442721662061086707e-01
9.929905366607385542e-01 2.661544931455114837e-01
9.928402372426754496e-01 2.955035710565012685e-01
9.926906664187578055e-01 2.302944943549441181e-01
9.925418385012411138e-01 3.038440758524244001e-01
9.923937677181616790e-01 2.557163181876084823e-01
9.922464682121783230e-01 2.533072483407640130e-01
9.920999540394263017e-01 3.057946302116373305e-01
9.919542391683825455e-01 2.314179085707053496e-01
9.918093374787438909e-01 2.920195282696276262e-01
9.916652627603166348e-01 2.733541583295210908e-01
9.915220287119187459e-01 2.397167288723268952e-01
9.913796489402927348e-01 3.110773162890825838e-01
9.912381369590324010e-01 2.405502788173333739e-01
9.910975061875202385e-01 2.721147690597866542e-01
9.909577699498770542e-01 2.946523602389196084e-01
9.908189414739241307e-01 2.314609431637062176e-01
9.906810338901566038e-01 3.037672193395198894e-01
9.905440602307296061e-01 2.609481201853111054e-01
9.904080334284549592e-01 2.488444593255199899e-01
9.902729663158119644e-01 3.103801889980148943e-01
9.901388716239679644e-01 2.362510556250448646e-01
9.900057619818116716e-01 2.806521908987855141e-01
9.898736499149990431e-01 2.895824538709198537e-01
9.897425478450095904e-01 2.331315590700171192e-01
9.896124680882153468e-01 3.066731052861187412e-01
9.894834228549619359e-01 2.591592715531669811e-01
9.893554242486598538e-01 2.505559441944372190e-01
9.892284842648900733e-01 3.110328340133732272e-01
9.891026147905185306e-01 2.374692125729008507e-01
9.889778276028240445e-01 2.788023204866924010e-01
9.888541343686375606e-01 2.936066821658271375e-01
9.887315466434921651e-01 2.327703587031196564e-01
9.886100758707865310e-01 3.035757983318794206e-01
9.884897333809569142e-01 2.669500380041577303e-01
9.883705303906643591e-01 2.446088230680948661e-01
9.882524780019891208e-01 3.130510029048076404e-01
9.881355872016412967e-01 2.445010626951717725e-01
9.880198688601781187e-01 2.671854151226701335e-01
9.879053337312357908e-01 3.045337828885188447e-01
9.877919924507713167e-01 2.336375544768555246e-01
9.876798555363158760e-01 2.915958108892279799e-01
9.875689333862395225e-01 2.842989400870716277e-01
9.874592362790263200e-01 2.358087105703709219e-01
9.873507743725614683e-01 3.088692412351484728e-01
9.872435577034293086e-01 2.617436924219189165e-01
9.871375961862214332e-01 2.487785586063945009e-01
9.870328996128580057e-01 3.136633899698184624e-01
9.869294776519168533e-01 2.441196525856760835e-01
9.868273398479764369e-01 2.681610589767819963e-01
9.867264956209673699e-01 3.060606794625500560e-01
9.866269542655363711e-01 2.349169109879446771e-01
9.865287249504200995e-01 2.885217301012293900e-01
9.864318167178298680e-01 2.902718802782023322e-01
9.863362384828466833e-01 2.346577078895377699e-01
9.862419990328280539e-01 3.047458629802177188e-01
9.861491070268235681e-01 2.717794137248962794e-01
9.860575709950023526e-01 2.420997467213469312e-01
9.859673993380909662e-01 3.134464052334353101e-01
9.858786003268196207e-01 2.550726979391206295e-01
9.857911821013832787e-01 2.550352577113951802e-01
9.857051526709068590e-01 3.136896347582777134e-01
9.856205199129265404e-01 2.428122835761633291e-01
9.855372915728778382e-01 2.707771004914037993e-01
9.854554752635946713e-01 3.067162859407890907e-01
9.853750784648187544e-01 2.360241721782013469e-01
9.852961085227189830e-01 2.865857987179806776e-01
9.852185726494210316e-01 2.949971800506769326e-01
9.851424779225457229e-01 2.346396414447898260e-01
9.850678312847598317e-01 3.001057071267409504e-01
9.849946395433339941e-01 2.812227913012236291e-01
9.849229093697123849e-01 2.379705122885412139e-01
9.848526472990907221e-01 3.097139655917304779e-01
9.847838597300058172e-01 2.676298354112570110e-01
9.847165529239327864e-01 2.450158199449139207e-01
9.846507330048938078e-01 3.146709933309965179e-01
9.845864059590748729e-01 2.557418815612452212e-01
9.845235776344531953e-01 2.546423791950098159e-01
9.844622537404339457e-01 3.150490555532693415e-01
9.844024398474956472e-01 2.464006234531466444e-01
9.843441413868470047e-01 2.657027012886500339e-01
9.842873636500898415e-01 3.115070672432943000e-01
9.842321117888954696e-01 2.399269254312028365e-01
9.841783908146870541e-01 2.771262879572474747e-01
9.841262055983329704e-01 3.050157226784687703e-01
9.840755608698488199e-01 2.362991957860015590e-01
9.840264612181082171e-01 2.879923035312504931e-01
9.839789110905649006e-01 2.966176879308872749e-01
9.839329147929807284e-01 2.352973454906765460e-01
9.838884764891661083e-01 2.975786164500829334e-01
9.838456002007263113e-01 2.872643947917588592e-01
9.838042898068192210e-01 2.366013318367777840e-01
9.837645490439216323e-01 3.053822879284647240e-01
9.837263815056037641e-01 2.777326586388093044e-01
9.836897906423127669e-01 2.398517086432274403e-01
9.836547797611665533e-01 3.111125132412125849e-01
9.836213520257550691e-01 2.686030370190685690e-01
9.835895104559500002e-01 2.446839155975956415e-01
9.835592579277262493e-01 3.146627280285935746e-01
9.835305971729884078e-01 2.602762177551589673e-01
9.835035307794088855e-01 2.507461944570057444e-01
9.834780611902730341e-01 3.160712645896676665e-01
9.834541907043350406e-01 2.530072110924114770e-01
9.834319214756799266e-01 2.577077379904960663e-01
9.834112555135963163e-01 3.154794896861679021e-01
9.833921946824575322e-01 2.469436848765813319e-01
9.833747407016106834e-01 2.652609435589218245e-01
9.833588951452747473e-01 3.130940054724298260e-01
9.833446594424486431e-01 2.421608941006807014e-01
9.833320348768245234e-01 2.731199156492079561e-01
9.833210225867140553e-01 3.091566184345034274e-01
9.833116235649801418e-01 2.386900019431841269e-01
9.833038386589785240e-01 2.810164813115348936e-01
9.832976685705077102e-01 3.039232991524051242e-01
9.832931138557676753e-01 2.365391275469432009e-01
9.832901749253271095e-01 2.886946521720109016e-01
9.832888520440992153e-01 2.976516498930469878e-01
