1.000000000000000056e-01 4.964704373089641742e-01
1.017118699371902663e-01 4.964001992296745436e-01
1.034530448611991338e-01 4.963287341732761093e-01
1.052240264352859583e-01 4.962560202935691334e-01
1.070253249105327931e-01 4.961820353417000784e-01
1.088574592728564217e-01 4.961067566583183819e-01
1.107209573925375945e-01 4.960301611655414944e-01
1.126163561763097315e-01 4.959522253587607676e-01
1.145442017220510977e-01 4.958729252982660984e-01
1.165050494761254996e-01 4.957922366007078696e-01
1.184994643934159375e-01 4.957101344303542212e-01
1.205280211000983592e-01 4.956265934901764036e-01
1.225913040592012809e-01 4.955415880127418404e-01
1.246899077390003080e-01 4.954550917508987462e-01
1.268244367842945308e-01 4.953670779682822212e-01
1.289955061906157552e-01 4.952775194295899186e-01
1.312037414814193614e-01 4.951863883906773567e-01
1.334497788883086122e-01 4.950936565883995999e-01
1.357342655343445059e-01 4.949992952302731952e-01
1.380578596204929676e-01 4.949032749838925827e-01
1.404212306152645418e-01 4.948055659661040884e-01
1.428250594475999058e-01 4.947061377319711961e-01
1.452700387030574913e-01 4.946049592634867431e-01
1.477568728233598638e-01 4.945019989580213271e-01
1.502862783093554255e-01 4.943972246165465600e-01
1.528589839274553941e-01 4.942906034315833752e-01
1.554757309196040382e-01 4.941821019748802724e-01
1.581372732168436213e-01 4.940716861848351571e-01
1.608443776565352257e-01 4.939593213536258021e-01
1.635978242032982422e-01 4.938449721140605320e-01
1.663984061737319164e-01 4.937286024261398620e-01
1.692469304649838191e-01 4.936101755633152122e-01
1.721442177872312407e-01 4.934896540984410329e-01
1.750911029001421815e-01 4.933669998894236741e-01
1.780884348533846029e-01 4.932421740645355768e-01
1.811370772312524413e-01 4.931151370074158824e-01
1.842379084014793833e-01 4.929858483417207116e-01
1.873918217683125109e-01 4.928542669154428735e-01
1.905997260299174267e-01 4.927203507848745279e-01
1.938625454401906034e-01 4.925840571982068039e-01
1.971812200750530930e-01 4.924453425787634342e-01
2.005567061033029785e-01 4.923041625078583006e-01
2.039899760621044777e-01 4.921604717072672330e-01
2.074820191371932743e-01 4.920142240212945772e-01
2.110338414478782620e-01 4.918653723984541815e-01
2.146464663369223314e-01 4.917138688727172857e-01
2.183209346653853800e-01 4.915596645443447987e-01
2.220583051125149254e-01 4.914027095602884199e-01
2.258596544807703332e-01 4.912429530941427869e-01
2.297260780060684515e-01 4.910803433256469841e-01
2.336586896733406915e-01 4.909148274197219219e-01
2.376586225374913708e-01 4.907463515050207170e-01
2.417270290498511887e-01 4.905748606520207167e-01
2.458650813902187870e-01 4.904002988505873351e-01
2.500739718045864035e-01 4.902226089870448389e-01
2.543549129486468163e-01 4.900417328207302692e-01
2.587091382371812243e-01 4.898576109600056849e-01
2.631379021994275647e-01 4.896701828377393872e-01
2.676424808405327149e-01 4.894793866862154341e-01
2.722241720091920780e-01 4.892851595114918739e-01
2.768842957715826891e-01 4.890874370671716709e-01
2.816241947916973687e-01 4.888861538275742213e-01
2.864452347181906111e-01 4.886812429603245023e-01
2.913488045778454549e-01 4.884726362982951819e-01
2.963363171757769088e-01 4.882602643109313911e-01
3.014092095024858975e-01 4.880440560749464973e-01
3.065689431478818006e-01 4.878239392443278200e-01
3.118170047223923769e-01 4.875998400197026350e-01
3.171549062852822565e-01 4.873716831170006869e-01
3.225841857803039558e-01 4.871393917354332470e-01
3.281064074788070939e-01 4.869028875247495836e-01
3.337231624304318189e-01 4.866620905517681228e-01
3.394360689215190630e-01 4.864169192661971231e-01
3.452467729413670749e-01 4.861672904656570426e-01
3.511569486564699027e-01 4.859131192599834281e-01
3.571682988928747693e-01 4.856543190347240579e-01
3.632825556267957889e-01 4.853908014138570981e-01
3.695014804836274647e-01 4.851224762217015152e-01
3.758268652454997416e-01 4.848492514440103651e-01
3.822605323675220546e-01 4.845710331882406852e-01
3.888043355028652504e-01 4.842877256429764521e-01
3.954601600368312098e-01 4.839992310364875094e-01
4.022299236300663772e-01 4.837054495944581034e-01
4.091155767710728530e-01 4.834062794967995402e-01
4.161191033381794191e-01 4.831016168336040861e-01
4.232425211711315916e-01 4.827913555601874851e-01
4.304878826524663471e-01 4.824753874512496266e-01
4.378572752988409977e-01 4.821536020540874712e-01
4.453528223624823035e-01 4.818258866409262375e-01
4.529766834429341249e-01 4.814921261602962410e-01
4.607310551092752560e-01 4.811522031874935768e-01
4.686181715329905129e-01 4.808059978741049956e-01
4.766403051316746020e-01 4.804533878965859262e-01
4.847997672237557287e-01 4.800942484039144031e-01
4.930989086944277955e-01 4.797284519642994738e-01
5.015401206729810379e-01 4.793558685109510220e-01
5.101258352217296066e-01 4.789763652869382660e-01
5.188585260367313268e-01 4.785898067890989038e-01
5.277407091605026412e-01 4.781960547110531423e-01
5.367749437069362362e-01 4.777949678853161131e-01
5.459638325986252427e-01 4.773864022245108973e-01
5.553100233168131172e-01 4.769702106617252912e-01
5.648162086641779212e-01 4.765462430900143098e-01
5.744851275406778202e-01 4.761143463010795718e-01
5.843195657326760717e-01 4.756743639231590381e-01
5.943223567155744291e-01 4.752261363581576359e-01
6.044963824701893307e-01 4.747695007180479099e-01
6.148445743130991348e-01 4.743042907605931613e-01
6.253699137412107589e-01 4.738303368244518587e-01
6.360754332907793129e-01 4.733474657636905780e-01
6.469642174111369659e-01 4.728555008817875160e-01
6.580394033533766285e-01 4.723542618651896396e-01
6.693041820742493542e-01 4.718435647164879732e-01
6.807617991555359183e-01 4.713232216873212144e-01
6.924155557391551419e-01 4.707930412110579166e-01
7.042688094782828534e-01 4.702528278353931834e-01
7.163249755047493839e-01 4.697023821549562994e-01
7.285875274130008128e-01 4.691415007440459251e-01
7.410599982609020753e-01 4.685699760896346322e-01
7.537459815876732527e-01 4.679875965247733416e-01
7.666491324492525905e-01 4.673941461625754634e-01
7.797731684713813394e-01 4.667894048309191857e-01
7.931218709207189521e-01 4.661731480080815726e-01
8.066990857942919479e-01 4.655451467594980963e-01
8.205087249275933026e-01 4.649051676758443330e-01
8.345547671216521080e-01 4.642529728127111621e-01
8.488412592893960218e-01 4.635883196321041733e-01
8.633723176216387962e-01 4.629109609460394514e-01
8.781521287730265080e-01 4.622206448625441055e-01
8.931849510682883242e-01 4.615171147343850033e-01
9.084751157291341972e-01 4.608001091108355762e-01
9.240270281221558690e-01 4.600693616929055207e-01
9.398451690280920090e-01 4.593246012923634103e-01
9.559340959328189724e-01 4.585655517950294469e-01
9.722984443404447674e-01 4.577919321287674537e-01
9.889429291088775997e-01 4.570034562366656061e-01
1.005872345808261681e+00 4.561998330559302040e-01
1.023091572102663882e+00 4.553807665030399354e-01
1.040605569155416577e+00 4.545459554657643730e-01
1.058419383058516017e+00 4.536950938026703684e-01
1.076538146286490027e+00 4.528278703507876979e-01
1.094967079175153790e+00 4.519439689421531070e-01
1.113711491425683819e+00 4.510430684299958637e-01
1.132776783634433349e+00 4.501248427253528028e-01
1.152168448848942317e+00 4.491889608449955440e-01
1.171892074150579388e+00 4.482350869715528430e-01
1.191953342264278737e+00 4.472628805267873098e-01
1.212358033195835461e+00 4.462719962590489531e-01
1.233112025897226349e+00 4.452620843459547673e-01
1.254221299960438740e+00 4.442327905134271782e-01
1.275691937340299287e+00 4.431837561722657970e-01
1.297530124106788030e+00 4.421146185734978196e-01
1.319742152227359799e+00 4.410250109837880461e-01
1.342334421379767884e+00 4.399145628822892506e-01
1.365313440795925093e+00 4.387829001803333906e-01
1.388685831137329352e+00 4.376296454654558521e-01
1.412458326402590059e+00 4.364544182712745135e-01
1.436637775867616984e+00 4.352568353748388352e-01
1.461231146059013719e+00 4.340365111230837236e-01
1.486245522761259652e+00 4.327930577901101250e-01
1.511688113058246019e+00 4.315260859670344007e-01
1.537566247409769105e+00 4.302352049862248062e-01
1.563887381763561457e+00 4.289200233817586083e-01
1.590659099703483959e+00 4.275801493879852755e-01
1.617889114634490255e+00 4.262151914781067141e-01
1.645585272004991939e+00 4.248247589447050054e-01
1.673755551567276179e+00 4.234084625241459343e-01
1.702408069676609514e+00 4.219659150668084169e-01
1.731551081629704614e+00 4.204967322550655640e-01
1.761192984043217447e+00 4.190005333708947122e-01
1.791342317272957674e+00 4.174769421149880921e-01
1.822007767874521011e+00 4.159255874791383256e-01
1.853198171106036352e+00 4.143461046736104936e-01
1.884922513473760608e+00 4.127381361110799007e-01
1.917189935321250038e+00 4.111013324486272325e-01
1.950009733462852335e+00 4.094353536890755763e-01
1.983391363862286871e+00 4.077398703427985160e-01
2.017344444357073385e+00 4.060145646508973027e-01
2.051878757429601574e+00 4.042591318703947501e-01
2.087004253025632305e+00 4.024732816217915787e-01
2.122731051421060222e+00 4.006567392990235121e-01
2.159069446137740655e+00 3.988092475414738991e-01
2.196029906909233276e+00 3.969305677672643751e-01
2.233623082697320683e+00 3.950204817666440604e-01
2.271859804760159030e+00 3.930787933537303047e-01
2.310751089772957734e+00 3.911053300743460026e-01
2.350308143002077799e+00 3.890999449670951571e-01
2.390542361533465332e+00 3.870625183741488451e-01
2.431465337556356410e+00 3.849929597975673135e-01
2.473088861703185426e+00 3.828912097962109962e-01
2.515424926446683251e+00 3.807572419175193623e-01
2.558485729555114663e+00 3.785910646576551852e-01
2.602283677606672008e+00 3.763927234426012181e-01
2.646831389564031412e+00 3.741623026219758064e-01
2.692141700410093375e+00 3.718999274663745136e-01
2.738227664845977127e+00 3.696057661581732545e-01
2.785102561052302583e+00 3.672800317647636481e-01
2.832779894514874552e+00 3.649229841822974607e-01
2.881273401915845245e+00 3.625349320371067940e-01
2.930597055091502146e+00 3.601162345310831570e-01
2.980765065057796814e+00 3.576673032164846555e-01
3.031791886104791445e+00 3.551886036848664330e-01
3.083692219961194692e+00 3.526806571541273305e-01
3.136481020030185807e+00 3.501440419371009694e-01
3.190173495697761208e+00 3.475793947745880463e-01
3.244785116714823392e+00 3.449874120154384216e-01
3.300331617654288952e+00 3.423688506260162412e-01
3.356829002444499555e+00 3.397245290114279115e-01
3.414293548980231296e+00 3.370553276309749546e-01
3.472741813812650680e+00 3.343621893907169351e-01
3.532190636919545490e+00 3.316461197965396845e-01
3.592657146557222791e+00 3.289081868519875274e-01
3.654158764195453823e+00 3.261495206861193541e-01
3.716713209536919305e+00 3.233713128979561202e-01
3.780338505622561573e+00 3.205748156056232867e-01
3.845052984024341924e+00 3.177613401900759582e-01
3.910875290126894388e+00 3.149322557253177446e-01
3.977824388499579644e+00 3.120889870892798457e-01
4.045919568360526242e+00 3.092330127520123706e-01
4.115180449134189011e+00 3.063658622404795695e-01
4.185626986104049152e+00 3.034891132821098680e-01
4.257279476162089793e+00 3.006043886321947967e-01
4.330158563656679505e+00 2.977133525933294278e-01
4.404285246340588600e+00 2.948177072381873431e-01
4.479680881420799565e+00 2.919191883501014995e-01
4.556367191711902187e+00 2.890195610990180519e-01
4.634366271894821310e+00 2.861206154734515228e-01
4.713700594882674899e+00 2.832241614919732142e-01
4.794393018295630249e+00 2.803320242205283308e-01
4.876466791046582649e+00 2.774460386243654542e-01
4.959945560039578538e+00 2.745680442856431869e-01
5.044853376982899817e+00 2.716998800197067410e-01
5.131214705318798863e+00 2.688433784246065383e-01
5.219054427271837326e+00 2.660003603996650146e-01
5.308397851017901736e+00 2.631726296696754175e-01
5.399270717975934275e+00 2.603619673517177935e-01
5.491699210224481931e+00 2.575701266014940316e-01
5.585709958045230294e+00 2.547988273755981137e-01
5.681330047595650079e+00 2.520497513451960270e-01
5.778587028712998119e+00 2.493245369952324375e-01
5.877508922851915507e+00 2.466247749415164392e-01
5.978124231157893043e+00 2.439520034959054839e-01
6.080461942678972775e+00 2.413077045073298843e-01
6.184551542717989570e+00 2.386932995036338268e-01
6.290423021327815611e+00 2.361101461561611881e-01
6.398106881952026370e+00 2.335595350858023223e-01
6.507634150213465141e+00 2.310426870258201482e-01
6.619036382853296985e+00 2.285607503532831319e-01
6.732345676823048741e+00 2.261147989973981975e-01
6.847594678532314738e+00 2.237058307295198556e-01
6.964816593254750998e+00 2.213347658361100589e-01
7.084045194695118397e+00 2.190024461725688654e-01
7.205314834720076611e+00 2.167096345926261547e-01
7.328660453255560370e+00 2.144570147449278152e-01
7.454117588353598833e+00 2.122451912256526907e-01
7.581722386431436256e+00 2.100746900733779787e-01
7.711511612685980843e+00 2.079459595901589075e-01
7.843522661686488817e+00 2.058593714707163680e-01
7.977793568148606518e+00 2.038152222199407504e-01
8.114363017892845420e+00 2.018137348374866302e-01
8.253270358990638655e+00 1.998550607471309692e-01
8.394555613101235991e+00 1.979392819477351351e-01
8.538259487002633819e+00 1.960664133621547733e-01
8.684423384319927663e+00 1.942364053601692286e-01
8.833089417454427661e+00 1.924491464315352951e-01
8.984300419716966246e+00 1.907044659855181290e-01
9.138099957668959661e+00 1.890021372537264988e-01
9.294532343674692498e+00 1.873418802737671640e-01
9.453642648668489912e+00 1.857233649320588209e-01
9.615476715140443886e+00 1.841462140451630702e-01
9.780081170344464780e+00 1.826100064601045014e-01
9.947503439732397368e+00 1.811142801553613790e-01
1.011779176061815022e+01 1.796585353255318040e-01
1.029099519607568070e+01 1.782422374340086602e-01
1.046716364907500108e+01 1.768648202194091079e-01
1.064634787686003037e+01 1.755256886428862295e-01
1.082859950557268647e+01 1.742242217648749814e-01
1.101397104512732561e+01 1.729597755411883264e-01
1.120251590433969646e+01 1.717316855297501277e-01
1.139428840631505224e+01 1.705392695005487347e-01
1.158934380409952247e+01 1.693818299426557428e-01
1.178773829659951922e+01 1.682586564633544168e-01
1.198952904477367731e+01 1.671690280755387392e-01
1.219477418810184766e+01 1.661122153706082183e-01
1.240353286133620792e+01 1.650874825750522079e-01
1.261586521153894580e+01 1.640940894898204883e-01
1.283183241541172137e+01 1.631312933123982845e-01
1.305149669692179693e+01 1.621983503422361472e-01
1.327492134522977629e+01 1.612945175708563605e-01
1.350217073292442649e+01 1.604190541585344687e-01
1.373331033456947026e+01 1.595712227999720179e-01
1.396840674556800188e+01 1.587502909818209740e-01
1.420752770134984644e+01 1.579555321352810737e-01
1.445074209688722711e+01 1.571862266873275127e-01
1.469812000654474637e+01 1.564416630143525000e-01
1.494973270426894274e+01 1.557211383022297224e-01
1.520565268412361704e+01 1.550239593169334962e-01
1.546595368117670333e+01 1.543494430899776670e-01
1.573071069274453038e+01 1.536969175229680740e-01
1.600000000000000000e+01 1.530657219156222881e-01
