9.832887700534760356e-01 3.160973132195691870e-01
9.832895781413983904e-01 3.160967932643061751e-01
9.832920023323267200e-01 2.499046316392060096e-01
9.832960424077469286e-01 2.613343162124356356e-01
9.833016980034838816e-01 3.146424206938952528e-01
9.833089686097227222e-01 2.446844115777436213e-01
9.833178535710384027e-01 2.686876575959455948e-01
9.833283520864346539e-01 3.115903760876464479e-01
9.833404632093908360e-01 2.405184867455963105e-01
9.833541858479186715e-01 2.764604219472000524e-01
9.833695187646260827e-01 3.070201237478888401e-01
9.833864605767902445e-01 2.375373694383007828e-01
9.834050097564394077e-01 2.844208376671332750e-01
9.834251646304434935e-01 3.010528782873789777e-01
9.834469233806132360e-01 2.358759205583738638e-01
9.834702840438070970e-01 2.922846172289412237e-01
9.834952445120488385e-01 2.938599210196196632e-01
9.835218025326514235e-01 2.356750253511681326e-01
9.835499557083519084e-01 2.997033972536699009e-01
9.835797014974531072e-01 2.856723331013302225e-01
9.836110372139756919e-01 2.370780172823792054e-01
9.836439600278173989e-01 3.062588417828781551e-01
9.836784669649225599e-01 2.767903510239389520e-01
9.837145549074602924e-01 2.402199009056636136e-01
9.837522205940091302e-01 3.114674169508707680e-01
9.837914606197550871e-01 2.675902883170014901e-01
9.838322714366934951e-01 2.452065228288733689e-01
9.838746493538444993e-01 3.148020181829794817e-01
9.839185905374727703e-01 2.585269934647115853e-01
9.839640910113213179e-01 2.520800907910136779e-01
9.840111466568493004e-01 3.157366681632501892e-01
9.840597532134831571e-01 2.501301984165296144e-01
9.841099062788732921e-01 2.607675398291153801e-01
9.841616013091628590e-01 3.138182022314645603e-01
9.842148336192633185e-01 2.429937088875251394e-01
9.842695983831402096e-01 2.710105030401528947e-01
9.843258906341086911e-01 3.087630360505934091e-01
9.843837052651369657e-01 2.377566362687958679e-01
9.844430370291603616e-01 2.822820373547888506e-01
9.845038805394035197e-01 3.005674991566130716e-01
9.845662302697123502e-01 2.350746672982587659e-01
9.846300805548963142e-01 2.937078263502607145e-01
9.846954255910785880e-01 2.896087494549307584e-01
9.847622594360568860e-01 2.355752517997882767e-01
9.848305760096733863e-01 3.040284782690911847e-01
9.849003690941932065e-01 2.767049852882398353e-01
9.849716323346955349e-01 2.397826773855812055e-01
9.850443592394699799e-01 3.116592208950521581e-01
9.851185431804264647e-01 2.631056020968892684e-01
9.851941773935130042e-01 2.479892418731275416e-01
9.852712549791433627e-01 3.149084331140229454e-01
9.853497689026352591e-01 2.503987350472097195e-01
9.854297119946573424e-01 2.600457849358159823e-01
9.855110769516869373e-01 3.123831744606530569e-01
9.855938563364777805e-01 2.403505102084935174e-01
9.856780425785371946e-01 2.750678844491975528e-01
9.857636279746132546e-01 3.035214986536039494e-01
9.858506046891933883e-01 2.347086461042475480e-01
9.859389647550111935e-01 2.911292079614190009e-01
9.860287000735645790e-01 2.890702551147473764e-01
9.861198024156442310e-01 2.349862665882091473e-01
9.862122634218722927e-01 3.051476583930642361e-01
9.863060746032504822e-01 2.712569751755578018e-01
9.864012273417195331e-01 2.421774418027082820e-01
9.864977128907297388e-01 3.132925031373749447e-01
9.865955223758196002e-01 2.534894885502332884e-01
9.866946467952077970e-01 2.562821360331739018e-01
9.867950770203932631e-01 3.121613846645112655e-01
9.868968037967684737e-01 2.396608048497789745e-01
9.869998177442407261e-01 2.755592562955183067e-01
9.871041093578660774e-01 3.005032034809874686e-01
9.872096690084932735e-01 2.333496062246749880e-01
9.873164869434184476e-01 2.957653033947982291e-01
9.874245532870512543e-01 2.805639779335625805e-01
9.875338580415915501e-01 2.371176997129831876e-01
9.876443910877160670e-01 3.102734783352518178e-01
9.877561421852786294e-01 2.579448319594250250e-01
9.878691009740184770e-01 2.516895972480251986e-01
9.879832569742813542e-01 3.122487041885504966e-01
9.880985995877523687e-01 2.397962506389441084e-01
9.882151180981978422e-01 2.745623083081884519e-01
9.883328016722204845e-01 2.987613228606866844e-01
9.884516393600244477e-01 2.324906444716234866e-01
9.885716200961928157e-01 2.984491324177045990e-01
9.886927327004754185e-01 2.740343704207981457e-01
9.888149658785891916e-01 2.398722251131123473e-01
9.889383082230281952e-01 3.120405381793951993e-01
9.890627482138872884e-01 2.483527539066771594e-01
9.891882742196954625e-01 2.615299769649942485e-01
9.893148744982624976e-01 3.059568852030698505e-01
9.894425371975347216e-01 2.330813192993112237e-01
9.895712503564650930e-01 2.900450482062607027e-01
9.897010019058934960e-01 2.812275512980222381e-01
9.898317796694381387e-01 2.359647947240514354e-01
9.899635713644007184e-01 3.100465343238953952e-01
9.900963646026810228e-01 2.510667973870714387e-01
9.902301468917048544e-01 2.581484145819905041e-01
9.903649056353632796e-01 3.061970066280276237e-01
9.905006281349633124e-01 2.325202931880509249e-01
9.906373015901911439e-01 2.901962099668686790e-01
9.907749131000868070e-01 2.783826430709108735e-01
9.909134496640309431e-01 2.369201523099242479e-01
9.910528981827432249e-01 3.105973693491330123e-01
9.911932454592932151e-01 2.455374133434098383e-01
9.913344782001217714e-01 2.645808915933101635e-01
9.914765830160773286e-01 3.000143950241191959e-01
9.916195464234600632e-01 2.305532874862413761e-01
9.917633548450823788e-01 2.989935181776582351e-01
9.919079946113378288e-01 2.648534699132837900e-01
9.920534519612843605e-01 2.451767593755879160e-01
9.921997130437376633e-01 3.095718536912863694e-01
9.923467639183790601e-01 2.346368997754432473e-01
9.924945905568726134e-01 2.821346176135020589e-01
9.926431788439959991e-01 2.822100640310498121e-01
9.927925145787830363e-01 2.344471199197421252e-01
9.929425834756783198e-01 3.093067625598653891e-01
9.930933711657030649e-01 2.430787453029524536e-01
9.932448631976341646e-01 2.674162568179422883e-01
9.933970450391936824e-01 2.938961371148319235e-01
9.935499020782521118e-01 2.300905080563399874e-01
9.937034196240426276e-01 3.046809364130454445e-01
9.938575829083867719e-01 2.511148163996322347e-01
9.940123770869325748e-01 2.574732330532291669e-01
9.941677872404053318e-01 2.999984327488554592e-01
9.943237983758679288e-01 2.289062139211556768e-01
9.944803954279970437e-01 3.001816086716089238e-01
9.946375632603655648e-01 2.560204240337260462e-01
9.947952866667423288e-01 2.523813707284883745e-01
9.949535503723997421e-01 3.020504543447636858e-01
9.951123390354343901e-01 2.285239221348548122e-01
9.952716372481004159e-01 2.982343176072516644e-01
9.954314295381520017e-01 2.566458538189004823e-01
9.955917003701996171e-01 2.516968877142686245e-01
9.957524341470764817e-01 3.011137923722913001e-01
9.959136152112171292e-01 2.279625184908846136e-01
9.960752278460472953e-01 2.995487885903976855e-01
9.962372562773841311e-01 2.527495308093355986e-01
9.963996846748496283e-01 2.554643783271596802e-01
9.965624971532934806e-01 2.969079191638789306e-01
9.967256777742272700e-01 2.277853853027239917e-01
9.968892105472708653e-01 3.033193733025567052e-01
9.970530794316085910e-01 2.448634278939312292e-01
9.972172683374572744e-01 2.642827894893705065e-01
9.973817611275435091e-01 2.878915817293790647e-01
9.975465416185941292e-01 2.301510316932941780e-01
9.977115935828345661e-01 3.067555475470565285e-01
9.978769007494999732e-01 2.349094693248154897e-01
9.980424468063552323e-01 2.783254597704378774e-01
9.982082154012269504e-01 2.724940267017994522e-01
9.983741901435441157e-01 2.385382285826504467e-01
9.985403546058886359e-01 3.045603853040367848e-01
9.987066923255591977e-01 2.271297838067406483e-01
9.988731868061402341e-01 2.949417957836783510e-01
9.990398215190846587e-01 2.517605799746585604e-01
9.992065799053040376e-01 2.562543170651250257e-01
9.993734453767694204e-01 2.905277533456663841e-01
9.995404013181212743e-01 2.282264866330806219e-01
9.997074310882885229e-01 3.055776578388570974e-01
9.998745180221169093e-01 2.321843544088651456e-01
1.000041645432006687e+00 2.820827940599389128e-01
1.000208796609559192e+00 2.636053627243079567e-01
1.000375954827231517e+00 2.450790255574828991e-01
1.000543103340000073e+00 2.972165205024090429e-01
1.000710225387033914e+00 2.255071574507134524e-01
1.000877304193374062e+00 3.031490650291155386e-01
1.001044322971623046e+00 2.348774776562276845e-01
1.001211264923641098e+00 2.771616883622560756e-01
1.001378113242250345e+00 2.658875520631109879e-01
1.001544851112948553e+00 2.430881894977181823e-01
1.001711461715626639e+00 2.965828143816300888e-01
1.001877928226297509e+00 2.250139145891252024e-01
1.002044233818828900e+00 3.032493432370074737e-01
1.002210361666685312e+00 2.317030385757412325e-01
1.002376294944675506e+00 2.817563030221354459e-01
1.002542016830706650e+00 2.581923400256296852e-01
1.002707510507546251e+00 2.497526379825908693e-01
1.002872759164587846e+00 2.887142681857973736e-01
1.003037745999624697e+00 2.275812086911392362e-01
1.003202454220628370e+00 3.036487261766456780e-01
1.003366867047533972e+00 2.251506474886464104e-01
1.003530967714028721e+00 2.937395915522186263e-01
1.003694739469347619e+00 2.419792406861189793e-01
1.003858165580072903e+00 2.670299110408307364e-01
1.004021229331939491e+00 2.696724275321625841e-01
1.004183914031643088e+00 2.398068671776667771e-01
1.004346203008654514e+00 2.942736110022161067e-01
1.004508079617036698e+00 2.243921168043111758e-01
1.004669527237266102e+00 3.028525985398973774e-01
1.004830529278057050e+00 2.253039971130832431e-01
1.004991069178191365e+00 2.917799152346064462e-01
1.005151130408348248e+00 2.409087730327310606e-01
1.005310696472939025e+00 2.682027873922414596e-01
1.005469750911944793e+00 2.649711838356211269e-01
1.005628277302753837e+00 2.435880177479730624e-01
1.005786259262004601e+00 2.880581171779164618e-01
1.005943680447427768e+00 2.268212966851308743e-01
1.006100524559691456e+00 3.009310208703813161e-01
1.006256775344247512e+00 2.219099054762147527e-01
1.006412416593177817e+00 2.990015330429417473e-01
1.006567432147043251e+00 2.289049879989255853e-01
1.006721805896731770e+00 2.842664524592393716e-01
1.006875521785306704e+00 2.451206731391521454e-01
1.007028563809856170e+00 2.631851293055768037e-01
1.007180916023341144e+00 2.658224160088745180e-01
1.007332562536443321e+00 2.427897203139331994e-01
1.007483487519412524e+00 2.851461772344746071e-01
1.007633675203911894e+00 2.280315444108186596e-01
1.007783109884862638e+00 2.977601727359082684e-01
1.007931775922287443e+00 2.212146603040576198e-01
1.008079657743149671e+00 3.006588773831870287e-01
1.008226739843193887e+00 2.225890617154752671e-01
1.008373006788779724e+00 2.939826477108225533e-01
1.008518443218715532e+00 2.310547884325714063e-01
1.008663033846089130e+00 2.804180220159383508e-01
1.008806763460092792e+00 2.446009379099234327e-01
1.008949616927846016e+00 2.637451512006937504e-01
1.009091579196214949e+00 2.606107291842961748e-01
1.009232635293624281e+00 2.474630513555488576e-01
1.009372770331869340e+00 2.762478760125659516e-01
1.009511969507918216e+00 2.340437199492720610e-01
1.009650218105711650e+00 2.889655273128431956e-01
1.009787501497956708e+00 2.248139091508790655e-01
1.009923805147912912e+00 2.969917529693733571e-01
1.010059114611175479e+00 2.201815793319464309e-01
1.010193415537447903e+00 2.996002785044014627e-01
1.010326693672311205e+00 2.199381199150940436e-01
1.010458934858983415e+00 2.970774934603432893e-01
1.010590125040074172e+00 2.235008565825632176e-01
1.010720250259327768e+00 2.904438724680528661e-01
1.010849296663362207e+00 2.300734117688548463e-01
1.010977250503397151e+00 2.810747064519786287e-01
1.011104098136973883e+00 2.387520846980642486e-01
1.011229826029665713e+00 2.703593894715611290e-01
1.011354420756780392e+00 2.486097142929662718e-01
1.011477869005050767e+00 2.594760309966698819e-01
1.011600157574316983e+00 2.587720679302596416e-01
1.011721273379198482e+00 2.492913122811649118e-01
1.011841203450753124e+00 2.684854753533714167e-01
1.011959934938128081e+00 2.403550164409029022e-01
1.012077455110198088e+00 2.771667849526330274e-01
1.012193751357192140e+00 2.329477204045229677e-01
1.012308811192308200e+00 2.844279411414454839e-01
1.012422622253315696e+00 2.271474567064260819e-01
1.012535172304146025e+00 2.900735520022368341e-01
1.012646449236469959e+00 2.228943374136045652e-01
1.012756441071261282e+00 2.940761995520163041e-01
1.012865135960347329e+00 2.200436826145766855e-01
1.012972522187946200e+00 2.965380763342179149e-01
1.013078588172189320e+00 2.184055947379980600e-01
1.013183322466629344e+00 2.976481230406081147e-01
1.013286713761734958e+00 2.177725262374468063e-01
1.013388750886368372e+00 2.976420259568309801e-01
1.013489422809248808e+00 2.179375181993520871e-01
1.013588718640400899e+00 2.967695695674139045e-01
1.013686627632586656e+00 2.187056732704284745e-01
1.013783139182719673e+00 2.952710724812315224e-01
1.013878242833266441e+00 2.199008793666901163e-01
1.013971928273627032e+00 2.933625928085300538e-01
1.014064185341501334e+00 2.213692339773999929e-01
1.014155004024237750e+00 2.912284247064358955e-01
1.014244374460162357e+00 2.229801822674488676e-01
1.014332286939892080e+00 2.890189811237127149e-01
1.014418731907629434e+00 2.246260890552573553e-01
1.014503699962438832e+00 2.868522204359768568e-01
1.014587181859502030e+00 2.262207780568269433e-01
1.014669168511358688e+00 2.848170898205781842e-01
1.014749650989124508e+00 2.276974486364976014e-01
1.014828620523690494e+00 2.829778529417583122e-01
1.014906068506902903e+00 2.290062893159380553e-01
1.014981986492724086e+00 2.813785415463889716e-01
1.015056366198370474e+00 2.301120311201986235e-01
1.015129199505433011e+00 2.800470733936030743e-01
1.015200478460974942e+00 2.309916158001684150e-01
1.015270195278608956e+00 2.789988018064888942e-01
1.015338342339553890e+00 2.316320930532951294e-01
1.015404912193669240e+00 2.782394130291672152e-01
1.015469897560468127e+00 2.320288083948860991e-01
1.015533291330108279e+00 2.777671817514488217e-01
1.015595086564361704e+00 2.321839007007531208e-01
1.015655276497561044e+00 2.775746485359475435e-01
1.015713854537523497e+00 2.321050961142812064e-01
1.015770814266452993e+00 2.776498089954014814e-01
1.015826149441818371e+00 2.318047626759055790e-01
1.015879853997208704e+00 2.779769137046324556e-01
1.015931922043165736e+00 2.312991765738825478e-01
1.015982347867992353e+00 2.785369771135011718e-01
1.016031125938537505e+00 2.306079449839607554e-01
1.016078250900957158e+00 2.793080876976898885e-01
1.016123717581451924e+00 2.297535305337928546e-01
1.016167520986979156e+00 2.802656029328100540e-01
1.016209656305942399e+00 2.287608270776888553e-01
1.016250118908854194e+00 2.813823026836901886e-01
1.016288904348976896e+00 2.276567444532275053e-01
1.016326008362936184e+00 2.826285637723420230e-01
1.016361426871310814e+00 2.264697700077571152e-01
1.016395155979197940e+00 2.839726068391895120e-01
1.016427191976751798e+00 2.252294858724434024e-01
1.016457531339697740e+00 2.853808539453223658e-01
1.016486170729821170e+00 2.239660323645963624e-01
1.016513106995430737e+00 2.868184215736361287e-01
1.016538337171795536e+00 2.227095184983365894e-01
1.016561858481556557e+00 2.882497587914584769e-01
1.016583668335112822e+00 2.214893898639401504e-01
1.016603764330981541e+00 2.896394247530604815e-01
1.016622144256131399e+00 2.203337713660357688e-01
1.016638806086290980e+00 2.909529841054105948e-01
1.016653747986229872e+00 2.192688073424799711e-01
1.016666968310014019e+00 2.921579842977317654e-01
1.016678465601236203e+00 2.183180241244347397e-01
1.016688238593216553e+00 2.932249665126628324e-01
1.016696286209180622e+00 2.175017405254638658e-01
1.016702607562409488e+00 2.941284532491784121e-01
1.016707201956362105e+00 2.168365500895456655e-01
1.016710068884773221e+00 2.948478516444890118e-01
1.016711208031724212e+00 2.163348958968621116e-01
1.016710619271685712e+00 2.953682131755835383e-01
1.016708302669536712e+00 2.160047545472549291e-01
1.016704258480554790e+00 2.956807976318021614e-01
1.016698487150380359e+00 2.158494412482849789e-01
1.016690989314954496e+00 2.957834016995445348e-01
1.016681765800431680e+00 2.158675428769411264e-01
1.016670817623062328e+00 2.956804289935505148e-01
1.016658145989053130e+00 2.160529809545667923e-01
1.016643752294398739e+00 2.953826971856887140e-01
1.016627638124686595e+00 2.163952015550838492e-01
1.016609805254876653e+00 2.949069969795252710e-01
1.016590255649054031e+00 2.168794845939348293e-01
1.016568991460157001e+00 2.942754349747036535e-01
1.016546015029675232e+00 2.174873607201196213e-01
1.016521328887326714e+00 2.935146061307297161e-01
1.016494935750703599e+00 2.181971202943362720e-01
1.016466838524897165e+00 2.926546502435630748e-01
1.016437040302091921e+00 2.189843959817630858e-01
1.016405544361138613e+00 2.917282499083710956e-01
1.016372354167097480e+00 2.198227985880860380e-01
1.016337473370758859e+00 2.907696248499439529e-01
1.016300905808136701e+00 2.206845851545963799e-01
1.016262655499937440e+00 2.898135698519818115e-01
1.016222726651003327e+00 2.215413395037267585e-01
1.016181123649731122e+00 2.888945718355097059e-01
1.016137851067464570e+00 2.223646483727413914e-01
1.016092913657864027e+00 2.880460271751863477e-01
1.016046316356249202e+00 2.231267612139057610e-01
1.015998064278919699e+00 2.872995643766723672e-01
1.015948162722448034e+00 2.238012284904906668e-01
1.015896617162952431e+00 2.866844608987416110e-01
1.015843433255341210e+00 2.243635214409765433e-01
1.015788616832537183e+00 2.862271270829849223e-01
1.015732173904675406e+00 2.247916453323375308e-01
1.015674110658279394e+00 2.859506154825040558e-01
1.015614433455411802e+00 2.250667673628010124e-01
1.015553148832804897e+00 2.858741008168739217e-01
1.015490263500965273e+00 2.251738886697184083e-01
1.015425784343256366e+00 2.860122647151531194e-01
1.015359718414960311e+00 2.251025963444055755e-01
1.015292072942314938e+00 2.863745109442578096e-01
1.015222855321529671e+00 2.248479346867702233e-01
1.015152073117780107e+00 2.869639320109576008e-01
1.015079734064179284e+00 2.244114340492908699e-01
1.015005846060728523e+00 2.877759487667056471e-01
1.014930417173247168e+00 2.238023291272623339e-01
1.014853455632281021e+00 2.887965541177021089e-01
1.014774969831989004e+00 2.230389853478026985e-01
1.014694968329010960e+00 2.900001149619020335e-01
1.014613459841313681e+00 2.221505309620978863e-01
1.014530453247016961e+00 2.913467299520061116e-01
1.014445957583202107e+00 2.211786628487044382e-01
1.014359982044696684e+00 2.927792135190285250e-01
1.014272535982843948e+00 2.201795554641993169e-01
1.014183628904250956e+00 2.942198890982830606e-01
1.014093270469518471e+00 2.192257546983870931e-01
1.014001470491952439e+00 2.955675362987396082e-01
1.013908238936257478e+00 2.184078811077989346e-01
1.013813585917211268e+00 2.966950526427178936e-01
1.013717521698322965e+00 2.178358982569842395e-01
1.013620056690472948e+00 2.974486532028112751e-01
1.013521201450534814e+00 2.176396160980375027e-01
1.013420966679983382e+00 2.976497111307371823e-01
1.013319363223482261e+00 2.179679849085991439e-01
1.013216402067458333e+00 2.971005736639620309e-01
1.013112094338658897e+00 2.189865727480564683e-01
1.013006451302692401e+00 2.955957612839922866e-01
1.012899484362555613e+00 2.208723826121455347e-01
1.012791205057144150e+00 2.929397178666277024e-01
1.012681625059749235e+00 2.238048327617552513e-01
1.012570756176538911e+00 2.889715556559681597e-01
1.012458610345026377e+00 2.279513048825728971e-01
1.012345199632523007e+00 2.835959100596023297e-01
1.012230536234578926e+00 2.334452543153199000e-01
1.012114632473410047e+00 2.768171265920195134e-01
1.011997500796312233e+00 2.403547372699952889e-01
1.011879153774061679e+00 2.687718753586770815e-01
1.011759604099304433e+00 2.486398686540823577e-01
1.011638864584934128e+00 2.597536120049838693e-01
1.011516948162455964e+00 2.581000186592977141e-01
1.011393867880340913e+00 2.502220054158886264e-01
1.011269636902369484e+00 2.683164870068056596e-01
1.011144268505962174e+00 2.407923084798378466e-01
1.011017776080502584e+00 2.786045532619449427e-01
1.010890173125647218e+00 2.322036434604789479e-01
1.010761473249629061e+00 2.879991878153773666e-01
1.010631690167547614e+00 2.252698888857917470e-01
1.010500837699653598e+00 2.953071244455495181e-01
1.010368929769621893e+00 2.208193967918370137e-01
1.010235980402817813e+00 2.992562159706546043e-01
1.010102003724554054e+00 2.196267547210704330e-01
1.009967013958339876e+00 2.987510961192911818e-01
1.009831025424122952e+00 2.223295899945535170e-01
1.009694052536524334e+00 2.931982458458513019e-01
1.009556109803065871e+00 2.293092367781028595e-01
1.009417211822390081e+00 2.828068349386620994e-01
1.009277373282476242e+00 2.405072321565729365e-01
1.009136608958847381e+00 2.687388974630072758e-01
1.008994933712773934e+00 2.551701207775793345e-01
1.008852362489470966e+00 2.530131640723884412e-01
1.008708910316290286e+00 2.715838768924360713e-01
1.008564592300907670e+00 2.381680474163906103e-01
1.008419423629506317e+00 2.869725705979255803e-01
1.008273419564954976e+00 2.268060078368751842e-01
1.008126595444983398e+00 2.978242948547105695e-01
1.007978966680353139e+00 2.211801694513574335e-01
1.007830548753026356e+00 3.008264413720663222e-01
1.007681357214329720e+00 2.228889339969307992e-01
1.007531407683117664e+00 2.942329980488652130e-01
1.007380715843932295e+00 2.325687885174253788e-01
1.007229297445160654e+00 2.790009916171152238e-01
1.007077168297191294e+00 2.493866740078910238e-01
1.006924344270568872e+00 2.588983715428094246e-01
1.006770841294146512e+00 2.703381527159929854e-01
1.006616675353240176e+00 2.393605312896981141e-01
1.006461862487778136e+00 2.899154217125585187e-01
1.006306418790453794e+00 2.257730724336693695e-01
1.006150360404876487e+00 3.011978332175037076e-01
1.005993703523722305e+00 2.221409446913042707e-01
1.005836464386887119e+00 2.988719359122827268e-01
1.005678659279638287e+00 2.303811146243856522e-01
1.005520304530768572e+00 2.827330593874373688e-01
1.005361416510750283e+00 2.495612539663023266e-01
1.005202011629892533e+00 2.587260937162489949e-01
1.005042106336499153e+00 2.746284833393128344e-01
1.004881717115028161e+00 2.362192048973944525e-01
1.004720860484254352e+00 2.959944484110013097e-01
1.004559552995434979e+00 2.237818088786508453e-01
1.004397811230476778e+00 3.028290095332001330e-01
1.004235651800106544e+00 2.265114043444302061e-01
1.004073091342046142e+00 2.901903949003588057e-01
1.003910146519188640e+00 2.448681396153832845e-01
1.003746834017780643e+00 2.639782184365301321e-01
1.003583170545607528e+00 2.729582116933313984e-01
1.003419172830182005e+00 2.376795449950465933e-01
1.003254857616939333e+00 2.974430440552350841e-01
1.003090241667434546e+00 2.241558463206595186e-01
1.002925341757546995e+00 3.029070605309682196e-01
1.002760174675688232e+00 2.302751907288300703e-01
1.002594757221015875e+00 2.842764413900022991e-01
1.002429106201653930e+00 2.549511342733011277e-01
1.002263238432915982e+00 2.532533530298938795e-01
1.002097170735538612e+00 2.865758082889132141e-01
1.001930919933916364e+00 2.292592396051753301e-01
1.001764502854346928e+00 3.043932444325853637e-01
1.001597936323279869e+00 2.262884702770718015e-01
1.001431237165574695e+00 2.933815548400319217e-01
1.001264422202762905e+00 2.474203275154239212e-01
1.001097508251320267e+00 2.612287817247785360e-01
1.000930512120943527e+00 2.818678379017089397e-01
1.000763450612836891e+00 2.322672476168665956e-01
1.000596340518003835e+00 3.045774028756988439e-01
1.000429198615549353e+00 2.265316657947345491e-01
1.000262041670987534e+00 2.943298187005359279e-01
1.000094886434558683e+00 2.491052935187524076e-01
9.999277496395548859e-01 2.594308270056787658e-01
9.997606480006528962e-01 2.861885071819789683e-01
9.995935982122566843e-01 2.302980284074002959e-01
9.994266169468483119e-01 3.060824451968431337e-01
9.992597208533470221e-01 2.299193342273827267e-01
9.990929265554786554e-01 2.872519429579663552e-01
9.989262506501529471e-01 2.603115456135010053e-01
9.987597097058508178e-01 2.484035418170940923e-01
9.985933202610211001e-01 2.977883842096347711e-01
9.984270988224858145e-01 2.267157071949386926e-01
9.982610618638571021e-01 3.033033585514833819e-01
9.980952258239610408e-01 2.413518014032957903e-01
9.979296071052746742e-01 2.690368722866685047e-01
9.977642220723702549e-01 2.819180916597307518e-01
9.975990870503707031e-01 2.331750186157910687e-01
9.974342183234164994e-01 3.072661880520694555e-01
9.972696321331397940e-01 2.316821647543812757e-01
9.971053446771523943e-01 2.850823926056134661e-01
9.969413721075423007e-01 2.676912857992831407e-01
9.967777305293802348e-01 2.425508812693383809e-01
9.966144359992398227e-01 3.048452930052236720e-01
9.964515045237249957e-01 2.284202326841140995e-01
9.962889520580106018e-01 2.948599312880076373e-01
9.961267945043926764e-01 2.584131807450432139e-01
9.959650477108514810e-01 2.503536143589346064e-01
9.958037274696233121e-01 3.014428919399701479e-01
9.956428495157850778e-01 2.281362808786855378e-01
9.954824295258499767e-01 2.995992262513685889e-01
9.953224831163732800e-01 2.542361045121652174e-01
9.951630258425718800e-01 2.544242767617679313e-01
9.950040731969521657e-01 3.000858876301728539e-01
9.948456406079517755e-01 2.285929749516155407e-01
9.946877434385921202e-01 3.007702638644081383e-01
9.945303969851421177e-01 2.546457732585974409e-01
9.943736164757939200e-01 2.540993347169656080e-01
9.942174170693506285e-01 3.017374392536716909e-01
9.940618138539242254e-01 2.291246204162852296e-01
9.939068218456483805e-01 2.987290108059220684e-01
9.937524559873984753e-01 2.595551605576247867e-01
9.935987311475281691e-01 2.495889741170351506e-01
9.934456621186144032e-01 3.057563158861617558e-01
9.932932636162155049e-01 2.306116179222284790e-01
9.931415502776422821e-01 2.925590734644328839e-01
9.929905366607385542e-01 2.693028350838101437e-01
9.928402372426754496e-01 2.420529000824806487e-01
9.926906664187578055e-01 3.097650689152636749e-01
9.925418385012411138e-01 2.353144677198674428e-01
9.923937677181616790e-01 2.809010159962218589e-01
9.922464682121783230e-01 2.836867027825348830e-01
9.920999540394263017e-01 2.341974302454645773e-01
9.919542391683825455e-01 3.093920200950703303e-01
9.918093374787438909e-01 2.462998183978815370e-01
9.916652627603166348e-01 2.638043920005491705e-01
9.915220287119187459e-01 2.999918000080277758e-01
9.913796489402927348e-01 2.306969590182364749e-01
9.912381369590324010e-01 2.993966626613224769e-01
9.910975061875202385e-01 2.657175464834862777e-01
9.909577699498770542e-01 2.449776308875883934e-01
9.908189414739241307e-01 3.109075744359398596e-01
9.906810338901566038e-01 2.374922203956876254e-01
9.905440602307296061e-01 2.777361420153420246e-01
9.904080334284549592e-01 2.910093981027007115e-01
9.902729663158119644e-01 2.325009166635148561e-01
9.901388716239679644e-01 3.059968866192941395e-01
9.900057619818116716e-01 2.588345895638463623e-01
9.898736499149990431e-01 2.507579017873599048e-01
9.897425478450095904e-01 3.103390441829254609e-01
9.896124680882153468e-01 2.362893609103349224e-01
9.894834228549619359e-01 2.809814369036462978e-01
9.893554242486598538e-01 2.904907567120763034e-01
9.892284842648900733e-01 2.331472321608932252e-01
9.891026147905185306e-01 3.059533240757365546e-01
9.889778276028240445e-01 2.618464939652876411e-01
9.888541343686375606e-01 2.483684316478006193e-01
9.887315466434921651e-01 3.121888728187995898e-01
9.886100758707865310e-01 2.400288397520585204e-01
9.884897333809569142e-01 2.741549390795185448e-01
9.883705303906643591e-01 2.985457549295245649e-01
9.882524780019891208e-01 2.326137794281333271e-01
9.881355872016412967e-01 2.989876132892104188e-01
9.880198688601781187e-01 2.745118503114067909e-01
9.879053337312357908e-01 2.400340105517790312e-01
9.877919924507713167e-01 3.124289166395757267e-01
9.876798555363158760e-01 2.515585827451983780e-01
9.875689333862395225e-01 2.583770108749178229e-01
9.874592362790263200e-01 3.102311275309845295e-01
9.873507743725614683e-01 2.370541782251956719e-01
9.872435577034293086e-01 2.811462920701802148e-01
9.871375961862214332e-01 2.954390926952912277e-01
9.870328996128580057e-01 2.334977030673036358e-01
9.869294776519168533e-01 3.010657355995833839e-01
9.868273398479764369e-01 2.750360441961861580e-01
9.867264956209673699e-01 2.401119409818534833e-01
9.866269542655363711e-01 3.124823412027297742e-01
9.865287249504200995e-01 2.557336768553480355e-01
9.864318167178298680e-01 2.542531128650833416e-01
9.863362384828466833e-01 3.132080724896197377e-01
9.862419990328280539e-01 2.417822215687011334e-01
9.861491070268235681e-01 2.722444338839239419e-01
9.860575709950023526e-01 3.046243730997547083e-01
9.859673993380909662e-01 2.348841610388331114e-01
9.858786003268196207e-01 2.901053847222416215e-01
9.857911821013832787e-01 2.902624978971440339e-01
9.857051526709068590e-01 2.349855422972705055e-01
9.856205199129265404e-01 3.043852599922906021e-01
9.855372915728778382e-01 2.740290554751898533e-01
9.854554752635946713e-01 2.410344323124635202e-01
9.853750784648187544e-01 3.128770100165099155e-01
9.852961085227189830e-01 2.590213604642361278e-01
9.852185726494210316e-01 2.514580829564791453e-01
9.851424779225457229e-01 3.149078878008547688e-01
9.850678312847598317e-01 2.471404459048550661e-01
9.849946395433339941e-01 2.644510996605205499e-01
9.849229093697123849e-01 3.111370871468444599e-01
9.848526472990907221e-01 2.392289189756285350e-01
9.847838597300058172e-01 2.782000207371839173e-01
9.847165529239327864e-01 3.030455739110172741e-01
9.846507330048938078e-01 2.353929454018514333e-01
9.845864059590748729e-01 2.910892555564037476e-01
9.845235776344531953e-01 2.923839012163650941e-01
9.844622537404339457e-01 2.353019118949228605e-01
9.844024398474956472e-01 3.018674298240772158e-01
9.843441413868470047e-01 2.807624570781741546e-01
9.842873636500898415e-01 2.383983614450960742e-01
9.842321117888954696e-01 3.097388356348734773e-01
9.841783908146870541e-01 2.694394106934985822e-01
9.841262055983329704e-01 2.440257966049517724e-01
9.840755608698488199e-01 3.143665024957933984e-01
9.840264612181082171e-01 2.592713338286731783e-01
9.839789110905649006e-01 2.515031118474711502e-01
9.839329147929807284e-01 3.158024865137639692e-01
9.838884764891661083e-01 2.507602209122467007e-01
9.838456002007263113e-01 2.601698484314765025e-01
9.838042898068192210e-01 3.143779648401252569e-01
9.837645490439216323e-01 2.441386138078458778e-01
9.837263815056037641e-01 2.694158844390223684e-01
9.836897906423127669e-01 3.105864931224612269e-01
9.836547797611665533e-01 2.394561956244340983e-01
9.836213520257550691e-01 2.787010951502113532e-01
9.835895104559500002e-01 3.049840128361492320e-01
9.835592579277262493e-01 2.366509595419601653e-01
9.835305971729884078e-01 2.875665865566229829e-01
9.835035307794088855e-01 2.981166542945310471e-01
9.834780611902730341e-01 2.356007240017744808e-01
9.834541907043350406e-01 2.956381768329811033e-01
9.834319214756799266e-01 2.904773007642433291e-01
9.834112555135963163e-01 2.361569321030146940e-01
9.833921946824575322e-01 3.026232673307205912e-01
9.833747407016106834e-01 2.824860588320158294e-01
9.833588951452747473e-01 2.381646551552319413e-01
9.833446594424486431e-01 3.083029498622999465e-01
9.833320348768245234e-01 2.744877174981584234e-01
9.833210225867140553e-01 2.414726071151272468e-01
9.833116235649801418e-01 3.125215900931829216e-01
9.833038386589785240e-01 2.667596037897157490e-01
9.832976685705077102e-01 2.459361005618551088e-01
9.832931138557676753e-01 3.151760988499834881e-01
9.832901749253271095e-01 2.595246514639335533e-01
9.832888520440992153e-01 2.514149153959822081e-01
