9.832887700534760356e-01 2.708554104845335986e-01
9.832895781413983904e-01 2.708548924399636348e-01
9.832920023323267200e-01 2.434056285576786660e-01
9.832960424077469286e-01 3.139383317498414261e-01
9.833016980034838816e-01 2.633844424239353277e-01
9.833089686097227222e-01 2.483058549170650275e-01
9.833178535710384027e-01 3.158333564158475881e-01
9.833283520864346539e-01 2.563800033416724911e-01
9.833404632093908360e-01 2.542471195594617206e-01
9.833541858479186715e-01 3.160806211255451914e-01
9.833695187646260827e-01 2.500450786627446687e-01
9.833864605767902445e-01 2.611209001964294174e-01
9.834050097564394077e-01 3.145959844011224638e-01
9.834251646304434935e-01 2.445823336068703169e-01
9.834469233806132360e-01 2.687815753627503246e-01
9.834702840438070970e-01 3.113382751093061174e-01
9.834952445120488385e-01 2.402005085217087943e-01
9.835218025326514235e-01 2.770264839954594271e-01
9.835499557083519084e-01 3.063246738637628863e-01
9.835797014974531072e-01 2.371187361755875411e-01
9.836110372139756919e-01 2.855736891493115270e-01
9.836439600278173989e-01 2.996497240124288419e-01
9.836784669649225599e-01 2.355671599779438907e-01
9.837145549074602924e-01 2.940403500696547878e-01
9.837522205940091302e-01 2.915058138219299710e-01
9.837914606197550871e-01 2.357820568983527987e-01
9.838322714366934951e-01 3.019270204597507279e-01
9.838746493538444993e-01 2.822018640602143025e-01
9.839185905374727703e-01 2.379925241989999940e-01
9.839640910113213179e-01 3.086162168005456286e-01
9.840111466568493004e-01 2.721761553833844105e-01
9.840597532134831571e-01 2.423942354540307709e-01
9.841099062788732921e-01 3.133964346180189708e-01
9.841616013091628590e-01 2.619991891168893527e-01
9.842148336192633185e-01 2.491042049933921143e-01
9.842695983831402096e-01 3.155237064281598558e-01
9.843258906341086911e-01 2.523635379210050766e-01
9.843837052651369657e-01 2.580900834193213256e-01
9.844430370291603616e-01 3.143291356572632256e-01
9.845038805394035197e-01 2.440596366359031877e-01
9.845662302697123502e-01 2.690706765589990779e-01
9.846300805548963142e-01 3.093698693221522134e-01
9.846954255910785880e-01 2.379381925912233964e-01
9.847622594360568860e-01 2.813950170060590117e-01
9.848305760096733863e-01 3.006020861093601781e-01
9.849003690941932065e-01 2.348588705366805862e-01
9.849716323346955349e-01 2.939294686410635071e-01
9.850443592394699799e-01 2.885325005090981221e-01
9.851185431804264647e-01 2.356179431053654627e-01
9.851941773935130042e-01 3.050157480987334413e-01
9.852712549791433627e-01 2.742914569855777196e-01
9.853497689026352591e-01 2.408331878981975205e-01
9.854297119946573424e-01 3.125944104310038885e-01
9.855110769516869373e-01 2.595809577264591717e-01
9.855938563364777805e-01 2.507478055696703567e-01
9.856780425785371946e-01 3.145850217092427403e-01
9.857636279746132546e-01 2.464909177306204846e-01
9.858506046891933883e-01 2.649165141620604125e-01
9.859389647550111935e-01 3.095312449648436326e-01
9.860287000735645790e-01 2.372282704403541609e-01
9.861198024156442310e-01 2.817953350289540415e-01
9.862122634218722927e-01 2.973441768764635285e-01
9.863060746032504822e-01 2.338213847491953101e-01
9.864012273417195331e-01 2.984113290389376338e-01
9.864977128907297388e-01 2.797959773430435670e-01
9.865955223758196002e-01 2.378021690537964750e-01
9.866946467952077970e-01 3.105066398073658696e-01
9.867950770203932631e-01 2.604120662218066262e-01
9.868968037967684737e-01 2.497431419662731467e-01
9.869998177442407261e-01 3.136184833408455774e-01
9.871041093578660774e-01 2.437036159364610877e-01
9.872096690084932735e-01 2.684724359953011286e-01
9.873164869434184476e-01 3.051181154364692727e-01
9.874245532870512543e-01 2.340918239533776590e-01
9.875338580415915501e-01 2.900744245403842902e-01
9.876443910877160670e-01 2.862532318578844825e-01
9.877561421852786294e-01 2.349515762252742390e-01
9.878691009740184770e-01 3.075720848300965149e-01
9.879832569742813542e-01 2.625922096062157651e-01
9.880985995877523687e-01 2.477081324161014564e-01
9.882151180981978422e-01 3.128719593534002863e-01
9.883328016722204845e-01 2.421580356498882480e-01
9.884516393600244477e-01 2.703861812603183257e-01
9.885716200961928157e-01 3.014428678769563996e-01
9.886927327004754185e-01 2.324874989062792330e-01
9.888149658785891916e-01 2.957111687509222375e-01
9.889383082230281952e-01 2.767528246748237053e-01
9.890627482138872884e-01 2.383448186144357661e-01
9.891882742196954625e-01 3.114105246274778138e-01
9.893148744982624976e-01 2.497543800452549090e-01
9.894425371975347216e-01 2.597999534381432718e-01
9.895712503564650930e-01 3.065416701070071692e-01
9.897010019058934960e-01 2.331743863476492540e-01
9.898317796694381387e-01 2.892065431264774222e-01
9.899635713644007184e-01 2.814747362521816676e-01
9.900963646026810228e-01 2.357589373401861033e-01
9.902301468917048544e-01 3.099482937801467108e-01
9.903649056353632796e-01 2.504495124707559750e-01
9.905006281349633124e-01 2.587866140948614224e-01
9.906373015901911439e-01 3.053781250580027695e-01
9.907749131000868070e-01 2.320154131462810743e-01
9.909134496640309431e-01 2.916841710514310182e-01
9.910528981827432249e-01 2.760232555150736178e-01
9.911932454592932151e-01 2.380707766703049622e-01
9.913344782001217714e-01 3.108640358418500171e-01
9.914765830160773286e-01 2.430476474382426422e-01
9.916195464234600632e-01 2.679128083326823839e-01
9.917633548450823788e-01 2.969154449953989028e-01
9.919079946113378288e-01 2.305142709407896617e-01
9.920534519612843605e-01 3.019887811721689852e-01
9.921997130437376633e-01 2.598789583961030325e-01
9.923467639183790601e-01 2.491822246415056619e-01
9.924945905568726134e-01 3.076536627164319637e-01
9.926431788439959991e-01 2.321915306731786310e-01
9.927925145787830363e-01 2.879764865639596882e-01
9.929425834756783198e-01 2.753777200931435409e-01
9.930933711657030649e-01 2.379000041458177173e-01
9.932448631976341646e-01 3.099124941037087466e-01
9.933970450391936824e-01 2.377843409854215329e-01
9.935499020782521118e-01 2.754321933817082679e-01
9.937034196240426276e-01 2.861603249857802012e-01
9.938575829083867719e-01 2.323547973269038669e-01
9.940123770869325748e-01 3.081003686111315476e-01
9.941677872404053318e-01 2.431217500129796982e-01
9.943237983758679288e-01 2.670904074518519744e-01
9.944803954279970437e-01 2.918403001077742864e-01
9.946375632603655648e-01 2.300555843284655677e-01
9.947952866667423288e-01 3.059381361114839604e-01
9.949535503723997421e-01 2.457556024608500700e-01
9.951123390354343901e-01 2.635176103248449975e-01
9.952716372481004159e-01 2.931382363972327432e-01
9.954314295381520017e-01 2.293037976820216928e-01
9.955917003701996171e-01 3.053555645497371684e-01
9.957524341470764817e-01 2.446765564935655390e-01
9.959136152112171292e-01 2.647296579617961498e-01
9.960752278460472953e-01 2.903859342186780323e-01
9.962372562773841311e-01 2.297598847586664883e-01
9.963996846748496283e-01 3.064593466335084893e-01
9.965624971532934806e-01 2.399994092422239600e-01
9.967256777742272700e-01 2.708617808216164380e-01
9.968892105472708653e-01 2.830104885600063236e-01
9.970530794316085910e-01 2.325904573311525503e-01
9.972172683374572744e-01 3.074388799334513700e-01
9.973817611275435091e-01 2.331175587392001758e-01
9.975465416185941292e-01 2.817704795524015315e-01
9.977115935828345661e-01 2.701384074434098892e-01
9.978769007494999732e-01 2.402825908758844942e-01
9.980424468063552323e-01 3.043588980900238661e-01
9.982082154012269504e-01 2.272731478416356865e-01
9.983741901435441157e-01 2.954115290652593040e-01
9.985403546058886359e-01 2.524160302077021467e-01
9.987066923255591977e-01 2.556085358214557623e-01
9.988731868061402341e-01 2.921271534568051220e-01
9.990398215190846587e-01 2.278546295029926227e-01
9.992065799053040376e-01 3.053880241347007862e-01
9.993734453767694204e-01 2.344014728646492407e-01
9.995404013181212743e-01 2.785340923422826021e-01
9.997074310882885229e-01 2.685851577147206348e-01
9.998745180221169093e-01 2.411406492315411876e-01
1.000041645432006687e+00 3.008624092822454466e-01
1.000208796609559192e+00 2.253799459224034296e-01
1.000375954827231517e+00 3.004513205445942803e-01
1.000543103340000073e+00 2.405842643398577729e-01
1.000710225387033914e+00 2.692049967835497548e-01
1.000877304193374062e+00 2.751282703901246074e-01
1.001044322971623046e+00 2.362365635934901287e-01
1.001211264923641098e+00 3.021176793115495363e-01
1.001378113242250345e+00 2.248061590110750074e-01
1.001544851112948553e+00 2.989187330441201995e-01
1.001711461715626639e+00 2.399795687306534864e-01
1.001877928226297509e+00 2.698063696258384270e-01
1.002044233818828900e+00 2.717121884393304820e-01
1.002210361666685312e+00 2.384778069816113899e-01
1.002376294944675506e+00 2.988354602140310123e-01
1.002542016830706650e+00 2.241526681684260780e-01
1.002707510507546251e+00 3.019616921372516027e-01
1.002872759164587846e+00 2.325469488148981523e-01
1.003037745999624697e+00 2.801188482522804502e-01
1.003202454220628370e+00 2.583081606152471954e-01
1.003366867047533972e+00 2.496243973933088833e-01
1.003530967714028721e+00 2.874137481925845283e-01
1.003694739469347619e+00 2.280071945159579394e-01
1.003858165580072903e+00 3.029101636353632720e-01
1.004021229331939491e+00 2.239583752305761011e-01
1.004183914031643088e+00 2.961083400150291145e-01
1.004346203008654514e+00 2.375726311149418402e-01
1.004508079617036698e+00 2.725398215471916408e-01
1.004669527237266102e+00 2.625467740164450503e-01
1.004830529278057050e+00 2.457319314234826246e-01
1.004991069178191365e+00 2.877949540461664513e-01
1.005151130408348248e+00 2.272633053684630366e-01
1.005310696472939025e+00 3.016442121253110065e-01
1.005469750911944793e+00 2.225388591737649524e-01
1.005628277302753837e+00 2.982070619597203542e-01
1.005786259262004601e+00 2.316634240597320593e-01
1.005943680447427768e+00 2.804098012634263504e-01
1.006100524559691456e+00 2.509781892499942102e-01
1.006256775344247512e+00 2.568521736807642952e-01
1.006412416593177817e+00 2.739575732950824127e-01
1.006567432147043251e+00 2.362067061109227872e-01
1.006721805896731770e+00 2.927967882966355795e-01
1.006875521785306704e+00 2.238845594013327278e-01
1.007028563809856170e+00 3.012681532308604804e-01
1.007180916023341144e+00 2.217797128108200122e-01
1.007332562536443321e+00 2.972960290526139859e-01
1.007483487519412524e+00 2.292649393778540823e-01
1.007633675203911894e+00 2.833273216789984894e-01
1.007783109884862638e+00 2.439954176659517582e-01
1.007931775922287443e+00 2.644370358392857945e-01
1.008079657743149671e+00 2.623824745071487996e-01
1.008226739843193887e+00 2.458237065807379884e-01
1.008373006788779724e+00 2.802016624997478167e-01
1.008518443218715532e+00 2.312208754075291695e-01
1.008663033846089130e+00 2.935559023414064383e-01
1.008806763460092792e+00 2.225441097442418525e-01
1.008949616927846016e+00 2.998953252969490668e-01
1.009091579196214949e+00 2.202526577705669064e-01
1.009232635293624281e+00 2.985816718408199066e-01
1.009372770331869340e+00 2.238440214772913772e-01
1.009511969507918216e+00 2.907405834503254960e-01
1.009650218105711650e+00 2.322120708194500560e-01
1.009787501497956708e+00 2.785768592840079383e-01
1.009923805147912912e+00 2.438683389888877673e-01
1.010059114611175479e+00 2.645599999897595977e-01
1.010193415537447903e+00 2.571209873785118005e-01
1.010326693672311205e+00 2.508160946862147411e-01
1.010458934858983415e+00 2.702752673043088971e-01
1.010590125040074172e+00 2.388439470171508650e-01
1.010720250259327768e+00 2.818503665765709765e-01
1.010849296663362207e+00 2.294960241177715909e-01
1.010977250503397151e+00 2.907621627150446253e-01
1.011104098136973883e+00 2.231004444903448569e-01
1.011229826029665713e+00 2.964208271262386285e-01
1.011354420756780392e+00 2.196197003274468484e-01
1.011477869005050767e+00 2.987240411430130416e-01
1.011600157574316983e+00 2.187893862632518949e-01
1.011721273379198482e+00 2.979641389860793188e-01
1.011841203450753124e+00 2.202197818096653104e-01
1.011959934938128081e+00 2.946898970684934116e-01
1.012077455110198088e+00 2.234642086610218181e-01
1.012193751357192140e+00 2.895652248442308063e-01
1.012308811192308200e+00 2.280643391829392796e-01
1.012422622253315696e+00 2.832541703647353248e-01
1.012535172304146025e+00 2.335812029036772874e-01
1.012646449236469959e+00 2.763447001495270006e-01
1.012756441071261282e+00 2.396170198889905345e-01
1.012865135960347329e+00 2.693101493994762841e-01
1.012972522187946200e+00 2.458300183928039673e-01
1.013078588172189320e+00 2.624998284952178573e-01
1.013183322466629344e+00 2.519428925011323317e-01
1.013286713761734958e+00 2.561482866114394019e-01
1.013388750886368372e+00 2.577452781259909065e-01
1.013489422809248808e+00 2.503940520659538871e-01
1.013588718640400899e+00 2.630909812774894219e-01
1.013686627632586656e+00 2.453012811889253852e-01
1.013783139182719673e+00 2.678911567792972570e-01
1.013878242833266441e+00 2.408803576193528084e-01
1.013971928273627032e+00 2.721049062078161329e-01
1.014064185341501334e+00 2.371055083362145488e-01
1.014155004024237750e+00 2.757287551906815737e-01
1.014244374460162357e+00 2.339288297383061155e-01
1.014332286939892080e+00 2.787862357286829962e-01
1.014418731907629434e+00 2.312908620223556866e-01
1.014503699962438832e+00 2.813184468339867683e-01
1.014587181859502030e+00 2.291281917794788237e-01
1.014669168511358688e+00 2.833760992388618116e-01
1.014749650989124508e+00 2.273786619388865893e-01
1.014828620523690494e+00 2.850132364117713979e-01
1.014906068506902903e+00 2.259847411543472184e-01
1.014981986492724086e+00 2.862825962465373464e-01
1.015056366198370474e+00 2.248955242166084945e-01
1.015129199505433011e+00 2.872324380669786792e-01
1.015200478460974942e+00 2.240677414353536567e-01
1.015270195278608956e+00 2.879045936947327022e-01
1.015338342339553890e+00 2.234660674428596283e-01
1.015404912193669240e+00 2.883334884322685809e-01
1.015469897560468127e+00 2.230629459941542436e-01
1.015533291330108279e+00 2.885458975323791919e-01
1.015595086564361704e+00 2.228380884820531094e-01
1.015655276497561044e+00 2.885612394869268571e-01
1.015713854537523497e+00 2.227777587312908814e-01
1.015770814266452993e+00 2.883922475373142391e-01
1.015826149441818371e+00 2.228739231103591678e-01
1.015879853997208704e+00 2.880458979276204756e-01
1.015931922043165736e+00 2.231233208378533284e-01
1.015982347867992353e+00 2.875245038248485652e-01
1.016031125938537505e+00 2.235264926502396887e-01
1.016078250900957158e+00 2.868269062508749245e-01
1.016123717581451924e+00 2.240867950001347586e-01
1.016167520986979156e+00 2.859497081604795987e-01
1.016209656305942399e+00 2.248094202835963784e-01
1.016250118908854194e+00 2.848885062496419596e-01
1.016288904348976896e+00 2.257004401426295492e-01
1.016326008362936184e+00 2.836390789721475181e-01
1.016361426871310814e+00 2.267658876470600993e-01
1.016395155979197940e+00 2.821984905589232095e-01
1.016427191976751798e+00 2.280108943367003260e-01
1.016457531339697740e+00 2.805660714360394548e-01
1.016486170729821170e+00 2.294388991353614182e-01
1.016513106995430737e+00 2.787442370088429877e-01
1.016538337171795536e+00 2.310509473008183767e-01
1.016561858481556557e+00 2.767391105283599217e-01
1.016583668335112822e+00 2.328450985519713023e-01
1.016603764330981541e+00 2.745609224671884396e-01
1.016622144256131399e+00 2.348159636776429027e-01
1.016638806086290980e+00 2.722241685996268368e-01
1.016653747986229872e+00 2.369543880320591767e-01
1.016666968310014019e+00 2.697475214097183605e-01
1.016678465601236203e+00 2.392472978228881164e-01
1.016688238593216553e+00 2.671535035656540380e-01
1.016696286209180622e+00 2.416777209354680489e-01
1.016702607562409488e+00 2.644679466602585238e-01
1.016707201956362105e+00 2.442249878487744441e-01
1.016710068884773221e+00 2.617192717861710483e-01
1.016711208031724212e+00 2.468651102882074011e-01
1.016710619271685712e+00 2.589376393177131863e-01
1.016708302669536712e+00 2.495713257790696249e-01
1.016704258480554790e+00 2.561540224867107085e-01
1.016698487150380359e+00 2.523147859645515356e-01
1.016690989314954496e+00 2.533992622212231094e-01
1.016681765800431680e+00 2.550653561767575184e-01
1.016670817623062328e+00 2.507031592599602843e-01
1.016658145989053130e+00 2.577924844940916449e-01
1.016643752294398739e+00 2.480936541049886535e-01
1.016627638124686595e+00 2.604660912949723350e-01
1.016609805254876653e+00 2.455961368473375817e-01
1.016590255649054031e+00 2.630574262478572178e-01
1.016568991460157001e+00 2.432329183353670321e-01
1.016546015029675232e+00 2.655398393708415794e-01
1.016521328887326714e+00 2.410228828500009524e-01
1.016494935750703599e+00 2.678894165270389038e-01
1.016466838524897165e+00 2.389813313563493857e-01
1.016437040302091921e+00 2.700854373240422213e-01
1.016405544361138613e+00 2.371200145492514400e-01
1.016372354167097480e+00 2.721106241629893674e-01
1.016337473370758859e+00 2.354473467486441485e-01
1.016300905808136701e+00 2.739511640607955045e-01
1.016262655499937440e+00 2.339687855408261741e-01
1.016222726651003327e+00 2.755964986911334513e-01
1.016181123649731122e+00 2.326873579129059844e-01
1.016137851067464570e+00 2.770388915353390047e-01
1.016092913657864027e+00 2.316043111816867561e-01
1.016046316356249202e+00 2.782727931705015201e-01
1.015998064278919699e+00 2.307198659031669263e-01
1.015948162722448034e+00 2.792940359046232612e-01
1.015896617162952431e+00 2.300340476718701344e-01
1.015843433255341210e+00 2.800988970778628961e-01
1.015788616832537183e+00 2.295475746550711960e-01
1.015732173904675406e+00 2.806830768217671301e-01
1.015674110658279394e+00 2.292627772252237850e-01
1.015614433455411802e+00 2.810406417971983983e-01
1.015553148832804897e+00 2.291845245092326289e-01
1.015490263500965273e+00 2.811629926799999457e-01
1.015425784343256366e+00 2.293211291529433371e-01
1.015359718414960311e+00 2.810379213843712809e-01
1.015292072942314938e+00 2.296851953236169197e-01
1.015222855321529671e+00 2.806488355506646659e-01
1.015152073117780107e+00 2.302943647837787933e-01
1.015079734064179284e+00 2.799742436645556443e-01
1.015005846060728523e+00 2.311719005077128575e-01
1.014930417173247168e+00 2.789876144142749981e-01
1.014853455632281021e+00 2.323470254608652197e-01
1.014774969831989004e+00 2.776577473368029847e-01
1.014694968329010960e+00 2.338549040608658980e-01
1.014613459841313681e+00 2.759498152188044062e-01
1.014530453247016961e+00 2.357361142146929267e-01
1.014445957583202107e+00 2.738272562937066334e-01
1.014359982044696684e+00 2.380354074717995483e-01
1.014272535982843948e+00 2.712546971179514710e-01
1.014183628904250956e+00 2.407994944194654097e-01
1.014093270469518471e+00 2.682020631947490408e-01
1.014001470491952439e+00 2.440735255200929266e-01
1.013908238936257478e+00 2.646499701707599739e-01
1.013813585917211268e+00 2.478958743736111581e-01
1.013717521698322965e+00 2.605963709444062415e-01
1.013620056690472948e+00 2.522907920276577509e-01
1.013521201450534814e+00 2.560642563419489037e-01
1.013420966679983382e+00 2.572585267769154638e-01
1.013319363223482261e+00 2.511099749801016801e-01
1.013216402067458333e+00 2.627626585015116478e-01
1.013112094338658897e+00 2.458314773414841947e-01
1.013006451302692401e+00 2.687147753155588181e-01
1.012899484362555613e+00 2.403755490570088915e-01
1.012791205057144150e+00 2.749573432474117785e-01
1.012681625059749235e+00 2.349429454589321287e-01
1.012570756176538911e+00 2.812468026470607563e-01
1.012458610345026377e+00 2.297903348031209714e-01
1.012345199632523007e+00 2.872406069157948383e-01
1.012230536234578926e+00 2.252281141431463352e-01
1.012114632473410047e+00 2.924939334572922434e-01
1.011997500796312233e+00 2.216133884798697495e-01
1.011879153774061679e+00 2.964735975939526980e-01
1.011759604099304433e+00 2.193374591225482062e-01
1.011638864584934128e+00 2.985972219120540116e-01
1.011516948162455964e+00 2.188066706595591937e-01
1.011393867880340913e+00 2.983034381277547831e-01
1.011269636902369484e+00 2.204140320436489553e-01
1.011144268505962174e+00 2.951523833830974053e-01
1.011017776080502584e+00 2.244965948753747942e-01
1.010890173125647218e+00 2.889447714429240199e-01
1.010761473249629061e+00 2.312709696163894324e-01
1.010631690167547614e+00 2.798348224829957931e-01
1.010500837699653598e+00 2.407390224833903802e-01
1.010368929769621893e+00 2.684031595895268185e-01
1.010235980402817813e+00 2.525621928362612456e-01
1.010102003724554054e+00 2.556579890980623104e-01
1.009967013958339876e+00 2.659215452018964809e-01
1.009831025424122952e+00 2.429509330865460837e-01
1.009694052536524334e+00 2.794140573064788358e-01
1.009556109803065871e+00 2.318230956426898248e-01
1.009417211822390081e+00 2.910746477665472898e-01
1.009277373282476242e+00 2.238214090102869647e-01
1.009136608958847381e+00 2.986287544505548675e-01
1.008994933712773934e+00 2.203245963042290978e-01
1.008852362489470966e+00 3.000271385015275682e-01
1.008708910316290286e+00 2.223819880557694750e-01
1.008564592300907670e+00 2.941684477502228834e-01
1.008419423629506317e+00 2.305122149200687642e-01
1.008273419564954976e+00 2.815300278771044606e-01
1.008126595444983398e+00 2.443806273253230077e-01
1.007978966680353139e+00 2.643526804664561025e-01
1.007830548753026356e+00 2.623462115123822436e-01
1.007681357214329720e+00 2.461981388065052900e-01
1.007531407683117664e+00 2.810895727223217677e-01
1.007380715843932295e+00 2.310597013280378809e-01
1.007229297445160654e+00 2.958164674816008421e-01
1.007077168297191294e+00 2.224614169038527101e-01
1.006924344270568872e+00 3.015475375397208002e-01
1.006770841294146512e+00 2.228541574379312717e-01
1.006616675353240176e+00 2.953664213688285134e-01
1.006461862487778136e+00 2.331802498204909868e-01
1.006306418790453794e+00 2.784075216923339591e-01
1.006150360404876487e+00 2.521853790673082019e-01
1.005993703523722305e+00 2.559805654019972065e-01
1.005836464386887119e+00 2.754387403863834960e-01
1.005678659279638287e+00 2.354920824450962291e-01
1.005520304530768572e+00 2.951450362432908592e-01
1.005361416510750283e+00 2.236708648062484539e-01
1.005202011629892533e+00 3.025493473887942986e-01
1.005042106336499153e+00 2.247850009444737618e-01
1.004881717115028161e+00 2.930096449854490137e-01
1.004720860484254352e+00 2.397702803928497828e-01
1.004559552995434979e+00 2.700470715567159785e-01
1.004397811230476778e+00 2.649400982645053748e-01
1.004235651800106544e+00 2.440273244829987143e-01
1.004073091342046142e+00 2.906100890762206013e-01
1.003910146519188640e+00 2.264174771798859453e-01
1.003746834017780643e+00 3.033521889118918069e-01
1.003583170545607528e+00 2.248991970257031847e-01
1.003419172830182005e+00 2.944402006154216433e-01
1.003254857616939333e+00 2.414252999677632128e-01
1.003090241667434546e+00 2.681559558940716514e-01
1.002925341757546995e+00 2.704119565707187589e-01
1.002760174675688232e+00 2.396993947215968479e-01
1.002594757221015875e+00 2.970606398732776321e-01
1.002429106201653930e+00 2.246279596188785199e-01
1.002263238432915982e+00 3.032440105990562573e-01
1.002097170735538612e+00 2.312365888039552841e-01
1.001930919933916364e+00 2.829783502305848186e-01
1.001764502854346928e+00 2.579776582122810802e-01
1.001597936323279869e+00 2.503681755775091777e-01
1.001431237165574695e+00 2.905623301571680916e-01
1.001264422202762905e+00 2.275797647409305569e-01
1.001097508251320267e+00 3.050372045729447534e-01
1.000930512120943527e+00 2.290377351753026813e-01
1.000763450612836891e+00 2.877616454466345175e-01
1.000596340518003835e+00 2.555920183909420329e-01
1.000429198615549353e+00 2.526979361398147828e-01
1.000262041670987534e+00 2.910164049165684386e-01
1.000094886434558683e+00 2.279006984925891488e-01
9.999277496395548859e-01 3.055545665057148308e-01
9.997606480006528962e-01 2.315529975939047413e-01
9.995935982122566843e-01 2.836830869198131988e-01
9.994266169468483119e-01 2.629959914203077731e-01
9.992597208533470221e-01 2.460327402481705394e-01
9.990929265554786554e-01 2.986192600114623841e-01
9.989262506501529471e-01 2.263023096131621947e-01
9.987597097058508178e-01 3.027464154029620436e-01
9.985933202610211001e-01 2.410256751212177528e-01
9.984270988224858145e-01 2.693782976005392737e-01
9.982610618638571021e-01 2.804199634132566454e-01
9.980952258239610408e-01 2.338595429976978168e-01
9.979296071052746742e-01 3.067495809988107780e-01
9.977642220723702549e-01 2.301310808219035609e-01
9.975990870503707031e-01 2.880843376542692180e-01
9.974342183234164994e-01 2.631195682694471016e-01
9.972696321331397940e-01 2.461193347918900765e-01
9.971053446771523943e-01 3.019992856823542349e-01
9.969413721075423007e-01 2.273930312583836710e-01
9.967777305293802348e-01 2.992732925508823083e-01
9.966144359992398227e-01 2.513458565717525683e-01
9.964515045237249957e-01 2.572851383426372762e-01
9.962889520580106018e-01 2.954477183397692941e-01
9.961267945043926764e-01 2.284438323664467474e-01
9.959650477108514810e-01 3.045950932993096716e-01
9.958037274696233121e-01 2.451273978406871834e-01
9.956428495157850778e-01 2.645460316087316910e-01
9.954824295258499767e-01 2.911679009634114412e-01
9.953224831163732800e-01 2.300222710557318362e-01
9.951630258425718800e-01 3.066266032477253933e-01
9.950040731969521657e-01 2.432960604136012450e-01
9.948456406079517755e-01 2.670549681520681951e-01
9.946877434385921202e-01 2.907586883465322347e-01
9.945303969851421177e-01 2.305238617373154830e-01
9.943736164757939200e-01 3.068111379619105628e-01
9.942174170693506285e-01 2.451873086410820690e-01
9.940618138539242254e-01 2.647457426255325208e-01
9.939068218456483805e-01 2.943933891873816155e-01
9.937524559873984753e-01 2.299339904745139607e-01
9.935987311475281691e-01 3.048666582299511263e-01
9.934456621186144032e-01 2.511078186718915806e-01
9.932932636162155049e-01 2.579015113661047298e-01
9.931415502776422821e-01 3.011035339414619427e-01
9.929905366607385542e-01 2.297415414966008929e-01
9.928402372426754496e-01 2.989985592790426194e-01
9.926906664187578055e-01 2.620012345918165675e-01
9.925418385012411138e-01 2.476383297438346787e-01
9.923937677181616790e-01 3.081990392072104790e-01
9.922464682121783230e-01 2.328498833578390992e-01
9.920999540394263017e-01 2.869509494201806232e-01
9.919542391683825455e-01 2.782252364040202486e-01
9.918093374787438909e-01 2.368907204175099424e-01
9.916652627603166348e-01 3.105843835746883719e-01
9.915220287119187459e-01 2.430254356169710972e-01
9.913796489402927348e-01 2.682808173205257218e-01
9.912381369590324010e-01 2.971658697717710074e-01
9.910975061875202385e-01 2.309813768928334621e-01
9.909577699498770542e-01 3.019004191835403250e-01
9.908189414739241307e-01 2.629843927851792662e-01
9.906810338901566038e-01 2.471314564459644036e-01
9.905440602307296061e-01 3.106208415249527288e-01
9.904080334284549592e-01 2.366873056298142985e-01
9.902729663158119644e-01 2.795251171441746063e-01
9.901388716239679644e-01 2.900047443874407271e-01
9.900057619818116716e-01 2.328908269417193921e-01
9.898736499149990431e-01 3.065087728638097309e-01
9.897425478450095904e-01 2.587007322871366366e-01
9.896124680882153468e-01 2.509195262737833887e-01
9.894834228549619359e-01 3.105994853283297052e-01
9.893554242486598538e-01 2.367298480336919031e-01
9.892284842648900733e-01 2.802031229019006919e-01
9.891026147905185306e-01 2.917896789667636659e-01
9.889778276028240445e-01 2.329783240128668886e-01
9.888541343686375606e-01 3.050018026973944640e-01
9.887315466434921651e-01 2.640908322132247688e-01
9.886100758707865310e-01 2.466468008963848269e-01
9.884897333809569142e-01 3.127219827328798774e-01
9.883705303906643591e-01 2.419846364249044202e-01
9.882524780019891208e-01 2.709411053751957787e-01
9.881355872016412967e-01 3.014773067764587866e-01
9.880198688601781187e-01 2.329065396001902821e-01
9.879053337312357908e-01 2.956711536269712726e-01
9.877919924507713167e-01 2.791620761130231276e-01
9.876798555363158760e-01 2.377883398311440022e-01
9.875689333862395225e-01 3.111081327692551413e-01
9.874592362790263200e-01 2.562419862902054479e-01
9.873507743725614683e-01 2.535846069975844497e-01
9.872435577034293086e-01 3.123747784737592736e-01
9.871375961862214332e-01 2.400598678420401144e-01
9.870328996128580057e-01 2.748972041235455133e-01
9.869294776519168533e-01 3.009766986774410347e-01
9.868273398479764369e-01 2.336256354061459206e-01
9.867264956209673699e-01 2.953651489400929697e-01
9.866269542655363711e-01 2.825449581911738117e-01
9.865287249504200995e-01 2.368273418878569236e-01
9.864318167178298680e-01 3.095073027166777013e-01
9.863362384828466833e-01 2.632729727715584223e-01
9.862419990328280539e-01 2.477580703481866986e-01
9.861491070268235681e-01 3.143880161014717678e-01
9.860575709950023526e-01 2.476168751434373039e-01
9.859673993380909662e-01 2.635182918918877459e-01
9.858786003268196207e-01 3.101276651768116732e-01
9.857911821013832787e-01 2.378006613301378025e-01
9.857051526709068590e-01 2.807810934450898910e-01
9.856205199129265404e-01 2.991138302921511061e-01
9.855372915728778382e-01 2.343234949761697217e-01
9.854554752635946713e-01 2.963893548586973847e-01
9.853750784648187544e-01 2.846245778029555251e-01
9.852961085227189830e-01 2.366362262334508748e-01
9.852185726494210316e-01 3.079390778650636928e-01
9.851424779225457229e-01 2.696699535974152462e-01
9.850678312847598317e-01 2.436297243701096016e-01
9.849946395433339941e-01 3.141461752579489120e-01
9.849229093697123849e-01 2.564108218825008612e-01
9.848526472990907221e-01 2.539242832244004711e-01
9.847838597300058172e-01 3.148741708542086570e-01
9.847165529239327864e-01 2.460806261459671795e-01
9.846507330048938078e-01 2.660542568239218642e-01
9.845864059590748729e-01 3.108723952766609400e-01
9.845235776344531953e-01 2.391703923288955869e-01
9.844622537404339457e-01 2.786155543072685314e-01
9.844024398474956472e-01 3.033829080871736084e-01
9.843441413868470047e-01 2.356760204854508045e-01
9.842873636500898415e-01 2.903920361049579513e-01
9.842321117888954696e-01 2.937723757636334643e-01
9.841783908146870541e-01 2.353059060967109262e-01
9.841262055983329704e-01 3.004477676275630338e-01
9.840755608698488199e-01 2.832767329011434132e-01
9.840264612181082171e-01 2.376228749728644951e-01
9.839789110905649006e-01 3.081703838307001675e-01
9.839329147929807284e-01 2.728738164397643828e-01
9.838884764891661083e-01 2.421304922894378098e-01
9.838456002007263113e-01 3.132635802695731830e-01
9.838042898068192210e-01 2.632556890612555156e-01
9.837645490439216323e-01 2.483224830677346895e-01
9.837263815056037641e-01 3.157001700029429814e-01
9.836897906423127669e-01 2.548600091559747871e-01
9.836547797611665533e-01 2.557106226891511236e-01
9.836213520257550691e-01 3.156538909150451433e-01
9.835895104559500002e-01 2.479260725411351896e-01
9.835592579277262493e-01 2.638405061596061918e-01
9.835305971729884078e-01 3.134275367053390715e-01
9.835035307794088855e-01 2.425534584299115226e-01
9.834780611902730341e-01 2.722999774743229406e-01
9.834541907043350406e-01 3.093899088651926310e-01
9.834319214756799266e-01 2.387522787910280608e-01
9.834112555135963163e-01 2.807224281860452586e-01
9.833921946824575322e-01 3.039279099645783577e-01
9.833747407016106834e-01 2.364814184341461900e-01
9.833588951452747473e-01 2.887861539071004957e-01
9.833446594424486431e-01 2.974150259388389506e-01
9.833320348768245234e-01 2.356750742724040559e-01
9.833210225867140553e-01 2.962107773974121394e-01
9.833116235649801418e-01 2.901942809949287216e-01
9.833038386589785240e-01 2.362594424364706791e-01
9.832976685705077102e-01 3.027518765537720591e-01
9.832931138557676753e-01 2.825723472008578874e-01
9.832901749253271095e-01 2.381616106164654578e-01
9.832888520440992153e-01 3.081951096424866976e-01
