9.832887700534760356e-01 3.160973132195691870e-01
9.832895781413983904e-01 3.160967809472812196e-01
9.832920023323267200e-01 2.498803185725594067e-01
9.832960424077469286e-01 2.612882805166775180e-01
9.833016980034838816e-01 3.146399148997122142e-01
9.833089686097227222e-01 2.445219742896145021e-01
9.833178535710384027e-01 2.685267364712815019e-01
9.833283520864346539e-01 3.115679692876688889e-01
9.833404632093908360e-01 2.400821622561207791e-01
9.833541858479186715e-01 2.761550373164133321e-01
9.833695187646260827e-01 3.069299138746712230e-01
9.833864605767902445e-01 2.366864937110106093e-01
9.834050097564394077e-01 2.839835892139545570e-01
9.834251646304434935e-01 3.008039721952829870e-01
9.834469233806132360e-01 2.344776224797522624e-01
9.834702840438070970e-01 2.917679234527510990e-01
9.834952445120488385e-01 2.933108134802149269e-01
9.835218025326514235e-01 2.336183775779158700e-01
9.835499557083519084e-01 2.991896669491176386e-01
9.835797014974531072e-01 2.846298441266831292e-01
9.836110372139756919e-01 2.342900192380952540e-01
9.836439600278173989e-01 3.058408272936931627e-01
9.836784669649225599e-01 2.750165629995316441e-01
9.837145549074602924e-01 2.366835557442171223e-01
9.837522205940091302e-01 3.112170426497112841e-01
9.837914606197550871e-01 2.648182953771732739e-01
9.838322714366934951e-01 2.409806737089177087e-01
9.838746493538444993e-01 3.147279793181886332e-01
9.839185905374727703e-01 2.544852414378269700e-01
9.839640910113213179e-01 2.473191843439788706e-01
9.840111466568493004e-01 3.157349457585720831e-01
9.840597532134831571e-01 2.445739821314079077e-01
9.841099062788732921e-01 2.557365396358535214e-01
9.841616013091628590e-01 3.136252707968123499e-01
9.842148336192633185e-01 2.357415393969343187e-01
9.842695983831402096e-01 2.660853996268580102e-01
9.843258906341086911e-01 3.079276321415698181e-01
9.843837052651369657e-01 2.287294084233110758e-01
9.844430370291603616e-01 2.779203369396550660e-01
9.845038805394035197e-01 2.984602601710527048e-01
9.845662302697123502e-01 2.243372611891476243e-01
9.846300805548963142e-01 2.903688847809771101e-01
9.846954255910785880e-01 2.854853978477152054e-01
9.847622594360568860e-01 2.233825596923517121e-01
9.848305760096733863e-01 3.020271679094524986e-01
9.849003690941932065e-01 2.698247635629478780e-01
9.849716323346955349e-01 2.266317310388105410e-01
9.850443592394699799e-01 3.109579988513353488e-01
9.851185431804264647e-01 2.528846492757290676e-01
9.851941773935130042e-01 2.346695067831592596e-01
9.852712549791433627e-01 3.148990549040825426e-01
9.853497689026352591e-01 2.365592901257029257e-01
9.854297119946573424e-01 2.476527622237683635e-01
9.855110769516869373e-01 3.117686903679880439e-01
9.855938563364777805e-01 2.230283413987777241e-01
9.856780425785371946e-01 2.649003977915410646e-01
9.857636279746132546e-01 3.004375860924197172e-01
9.858506046891933883e-01 2.145124729092465210e-01
9.859389647550111935e-01 2.843550782600303140e-01
9.860287000735645790e-01 2.815181335918185423e-01
9.861198024156442310e-01 2.130470769632268058e-01
9.862122634218722927e-01 3.021708369951889295e-01
9.863060746032504822e-01 2.577405258650516950e-01
9.864012273417195331e-01 2.202285210351821454e-01
9.864977128907297388e-01 3.129811844626315120e-01
9.865955223758196002e-01 2.335675806482377381e-01
9.866946467952077970e-01 2.366992609772350376e-01
9.867950770203932631e-01 3.114631503814688229e-01
9.868968037967684737e-01 2.141467341352532860e-01
9.869998177442407261e-01 2.610488228758878759e-01
9.871041093578660774e-01 2.951133424391674809e-01
9.872096690084932735e-01 2.041875639393616881e-01
9.873164869434184476e-01 2.882246796746589790e-01
9.874245532870512543e-01 2.667184465148948469e-01
9.875338580415915501e-01 2.072740254365410817e-01
9.876443910877160670e-01 3.088112082770889111e-01
9.877561421852786294e-01 2.342841543825393280e-01
9.878691009740184770e-01 2.252209357281910185e-01
9.879832569742813542e-01 3.117678454154130252e-01
9.880985995877523687e-01 2.079301997813294278e-01
9.882151180981978422e-01 2.561338298908404365e-01
9.883328016722204845e-01 2.914806550682316200e-01
9.884516393600244477e-01 1.962457831942857889e-01
9.885716200961928157e-01 2.908111244467475598e-01
9.886927327004754185e-01 2.541105753491926800e-01
9.888149658785891916e-01 2.046620263127316153e-01
9.889383082230281952e-01 3.117093147257379293e-01
9.890627482138872884e-01 2.155968785303505608e-01
9.891882742196954625e-01 2.342777729895642036e-01
9.893148744982624976e-01 3.021247091116960326e-01
9.894425371975347216e-01 1.923578361061618336e-01
9.895712503564650930e-01 2.768115473070177912e-01
9.897010019058934960e-01 2.628409346545597658e-01
9.898317796694381387e-01 1.947897686303318998e-01
9.899635713644007184e-01 3.087963189871964498e-01
9.900963646026810228e-01 2.158598930308485986e-01
9.902301468917048544e-01 2.261028097340824217e-01
9.903649056353632796e-01 3.024808443550008885e-01
9.905006281349633124e-01 1.872026030979644651e-01
9.906373015901911439e-01 2.759130223325111930e-01
9.907749131000868070e-01 2.565457977251059951e-01
9.909134496640309431e-01 1.921277048239752316e-01
9.910528981827432249e-01 3.100986075859801794e-01
9.911932454592932151e-01 2.041277146067780046e-01
9.913344782001217714e-01 2.333928722239827225e-01
9.914765830160773286e-01 2.919208288107342231e-01
9.916195464234600632e-01 1.803767658413369945e-01
9.917633548450823788e-01 2.901020752815199888e-01
9.919079946113378288e-01 2.326974191885281540e-01
9.920534519612843605e-01 2.012004432485304251e-01
9.921997130437376633e-01 3.087838375024631321e-01
9.923467639183790601e-01 1.842884998014351627e-01
9.924945905568726134e-01 2.606458087943144819e-01
9.926431788439959991e-01 2.606418590356613385e-01
9.927925145787830363e-01 1.828212125603399518e-01
9.929425834756783198e-01 3.086457284173620974e-01
9.930933711657030649e-01 1.954738713239864145e-01
9.932448631976341646e-01 2.348211532957455161e-01
9.933970450391936824e-01 2.807587844537695609e-01
9.935499020782521118e-01 1.743639889601786563e-01
9.937034196240426276e-01 3.004307704627990350e-01
9.938575829083867719e-01 2.069052145563954337e-01
9.940123770869325748e-01 2.171484757256461062e-01
9.941677872404053318e-01 2.918741390634793653e-01
9.943237983758679288e-01 1.709343953315815012e-01
9.944803954279970437e-01 2.922723057948983794e-01
9.946375632603655648e-01 2.139299033644233294e-01
9.947952866667423288e-01 2.076734892538804611e-01
9.949535503723997421e-01 2.959058807991228335e-01
9.951123390354343901e-01 1.689756537384572710e-01
9.952716372481004159e-01 2.887908336151297495e-01
9.954314295381520017e-01 2.141689053654514119e-01
9.955917003701996171e-01 2.056807538356660303e-01
9.957524341470764817e-01 2.943982335911032311e-01
9.959136152112171292e-01 1.670009326306110542e-01
9.960752278460472953e-01 2.915181429723280870e-01
9.962372562773841311e-01 2.069348329681911236e-01
9.963996846748496283e-01 2.114516359625085162e-01
9.965624971532934806e-01 2.866243379482651954e-01
9.967256777742272700e-01 1.658930801783997655e-01
9.968892105472708653e-01 2.991549826256687528e-01
9.970530794316085910e-01 1.932124779102870060e-01
9.972172683374572744e-01 2.264886889359035982e-01
9.973817611275435091e-01 2.696949576933696524e-01
9.975465416185941292e-01 1.690724693155424008e-01
9.977115935828345661e-01 3.063730033938184549e-01
9.978769007494999732e-01 1.765566716365697952e-01
9.980424468063552323e-01 2.519429058731763038e-01
9.982082154012269504e-01 2.412559391790073948e-01
9.983741901435441157e-01 1.823709182911312232e-01
9.985403546058886359e-01 3.025067310415022193e-01
9.987066923255591977e-01 1.640117391142552061e-01
9.988731868061402341e-01 2.837949624094383005e-01
9.990398215190846587e-01 2.046522054586056294e-01
9.992065799053040376e-01 2.124874139916914928e-01
9.993734453767694204e-01 2.755183361403060749e-01
9.995404013181212743e-01 1.658702163079046610e-01
9.997074310882885229e-01 3.052366642819449027e-01
9.998745180221169093e-01 1.723238012121537932e-01
1.000041645432006687e+00 2.598030155244258066e-01
1.000208796609559192e+00 2.259578683976716518e-01
1.000375954827231517e+00 1.938641388885942729e-01
1.000543103340000073e+00 2.892033753145431541e-01
1.000710225387033914e+00 1.622222758174862445e-01
1.000877304193374062e+00 3.011136566985592733e-01
1.001044322971623046e+00 1.774824864613868958e-01
1.001211264923641098e+00 2.513990983297565429e-01
1.001378113242250345e+00 2.309357617189016221e-01
1.001544851112948553e+00 1.915180939785200154e-01
1.001711461715626639e+00 2.887375110049794635e-01
1.001877928226297509e+00 1.626285509083390535e-01
1.002044233818828900e+00 3.020324395306147602e-01
1.002210361666685312e+00 1.736576266203854746e-01
1.002376294944675506e+00 2.609680684694140607e-01
1.002542016830706650e+00 2.185189148100756817e-01
1.002707510507546251e+00 2.041785739702414171e-01
1.002872759164587846e+00 2.745090185807307903e-01
1.003037745999624697e+00 1.683520136961999258e-01
1.003202454220628370e+00 3.035125598101460209e-01
1.003366867047533972e+00 1.651201019056685038e-01
1.003530967714028721e+00 2.846100521547443307e-01
1.003694739469347619e+00 1.926983851598528530e-01
1.003858165580072903e+00 2.358397649231044335e-01
1.004021229331939491e+00 2.407647183925019641e-01
1.004183914031643088e+00 1.900449021659560422e-01
1.004346203008654514e+00 2.862837167345758660e-01
1.004508079617036698e+00 1.662758406305997194e-01
1.004669527237266102e+00 3.028052114996849786e-01
1.004830529278057050e+00 1.684326796237885782e-01
1.004991069178191365e+00 2.821715170595172073e-01
1.005151130408348248e+00 1.938657580486878862e-01
1.005310696472939025e+00 2.401240438060986415e-01
1.005469750911944793e+00 2.347883821030918583e-01
1.005628277302753837e+00 1.993043897936646880e-01
1.005786259262004601e+00 2.761242581807052399e-01
1.005943680447427768e+00 1.736461623341709337e-01
1.006100524559691456e+00 2.999810986539873658e-01
1.006256775344247512e+00 1.670918650775750913e-01
1.006412416593177817e+00 2.966138057387966431e-01
1.006567432147043251e+00 1.786404251510720076e-01
1.006721805896731770e+00 2.704315925465723969e-01
1.006875521785306704e+00 2.049055889721062285e-01
1.007028563809856170e+00 2.347879306412615219e-01
1.007180916023341144e+00 2.395125714688789154e-01
1.007332562536443321e+00 2.024783958008841422e-01
1.007483487519412524e+00 2.729348650432987800e-01
1.007633675203911894e+00 1.807184315199684421e-01
1.007783109884862638e+00 2.952528615604037565e-01
1.007931775922287443e+00 1.716608118688607576e-01
1.008079657743149671e+00 3.005083623682440197e-01
1.008226739843193887e+00 1.747768607403934193e-01
1.008373006788779724e+00 2.891174314073788332e-01
1.008518443218715532e+00 1.883659585313182394e-01
1.008663033846089130e+00 2.665902728533088295e-01
1.008806763460092792e+00 2.098258978516466533e-01
1.008949616927846016e+00 2.401059150021444266e-01
1.009091579196214949e+00 2.355124568234183424e-01
1.009232635293624281e+00 2.155848609828478757e-01
1.009372770331869340e+00 2.610008319112982478e-01
1.009511969507918216e+00 1.965389374118244881e-01
1.009650218105711650e+00 2.819602955245012477e-01
1.009787501497956708e+00 1.843447632821350324e-01
1.009923805147912912e+00 2.952442586956586235e-01
1.010059114611175479e+00 1.790306261418590505e-01
1.010193415537447903e+00 2.995998939627097513e-01
1.010326693672311205e+00 1.799487136148821276e-01
1.010458934858983415e+00 2.956747163706643367e-01
1.010590125040074172e+00 1.861463659808819116e-01
1.010720250259327768e+00 2.854363420974377341e-01
1.010849296663362207e+00 1.965083562265632078e-01
1.010977250503397151e+00 2.713776827138728587e-01
1.011104098136973883e+00 2.098055733192339678e-01
1.011229826029665713e+00 2.558510770576268301e-01
1.011354420756780392e+00 2.247472123127631782e-01
1.011477869005050767e+00 2.406897819254598947e-01
1.011600157574316983e+00 2.400703153571077664e-01
1.011721273379198482e+00 2.271016421749895431e-01
1.011841203450753124e+00 2.546522199432568190e-01
1.011959934938128081e+00 2.157363955195435723e-01
1.012077455110198088e+00 2.676114991372889329e-01
1.012193751357192140e+00 2.068247675876833114e-01
1.012308811192308200e+00 2.783679299309204658e-01
1.012422622253315696e+00 2.003212851844092535e-01
1.012535172304146025e+00 2.866499393509612248e-01
1.012646449236469959e+00 1.960193365110753094e-01
1.012756441071261282e+00 2.924562303675876662e-01
1.012865135960347329e+00 1.936317809221053954e-01
1.012972522187946200e+00 2.959891495181774523e-01
1.013078588172189320e+00 1.928423197312575388e-01
1.013183322466629344e+00 2.975793156286714036e-01
1.013286713761734958e+00 1.933360988704591610e-01
1.013388750886368372e+00 2.976167542104629637e-01
1.013489422809248808e+00 1.948170602966611820e-01
1.013588718640400899e+00 2.964971278291679280e-01
1.013686627632586656e+00 1.970173285675898833e-01
1.013783139182719673e+00 2.945855762455970028e-01
1.013878242833266441e+00 1.997018530564592664e-01
1.013971928273627032e+00 2.921965776674081972e-01
1.014064185341501334e+00 2.026700914893769245e-01
1.014155004024237750e+00 2.895862456680523001e-01
1.014244374460162357e+00 2.057557000609521736e-01
1.014332286939892080e+00 2.869530617450583576e-01
1.014418731907629434e+00 2.088248042439414254e-01
1.014503699962438832e+00 2.844435385595278087e-01
1.014587181859502030e+00 2.117732705641675317e-01
1.014669168511358688e+00 2.821601651402528832e-01
1.014749650989124508e+00 2.145233442806690205e-01
1.014828620523690494e+00 2.801698582616014566e-01
1.014906068506902903e+00 2.170199829804722036e-01
1.014981986492724086e+00 2.785118679131670105e-01
1.015056366198370474e+00 2.192271697164842603e-01
1.015129199505433011e+00 2.772046120295567073e-01
1.015200478460974942e+00 2.211244272602758965e-01
1.015270195278608956e+00 2.762512620703225785e-01
1.015338342339553890e+00 2.227036849439755217e-01
1.015404912193669240e+00 2.756441064659540530e-01
1.015469897560468127e+00 2.239665815673857752e-01
1.015533291330108279e+00 2.753678258595882999e-01
1.015595086564361704e+00 2.249222297067104415e-01
1.015655276497561044e+00 2.754018580240349956e-01
1.015713854537523497e+00 2.255854224047090795e-01
1.015770814266452993e+00 2.757220374328079315e-01
1.015826149441818371e+00 2.259752334755209535e-01
1.015879853997208704e+00 2.763016822211030732e-01
1.015931922043165736e+00 2.261139460292322378e-01
1.015982347867992353e+00 2.771122804851494648e-01
1.016031125938537505e+00 2.260262378676738682e-01
1.016078250900957158e+00 2.781239046403682358e-01
1.016123717581451924e+00 2.257385543001253492e-01
1.016167520986979156e+00 2.793054600180600588e-01
1.016209656305942399e+00 2.252786061049172339e-01
1.016250118908854194e+00 2.806248532191296663e-01
1.016288904348976896e+00 2.246749407169147117e-01
1.016326008362936184e+00 2.820491472132370947e-01
1.016361426871310814e+00 2.239565465187000060e-01
1.016395155979197940e+00 2.835447535101445760e-01
1.016427191976751798e+00 2.231524620896827849e-01
1.016457531339697740e+00 2.850776964927274060e-01
1.016486170729821170e+00 2.222913736120586126e-01
1.016513106995430737e+00 2.866139708538761321e-01
1.016538337171795536e+00 2.214011935457544933e-01
1.016561858481556557e+00 2.881199997744732788e-01
1.016583668335112822e+00 2.205086219778238099e-01
1.016603764330981541e+00 2.895631890857317536e-01
1.016622144256131399e+00 2.196386983229403067e-01
1.016638806086290980e+00 2.909125613577249192e-01
1.016653747986229872e+00 2.188143554445721728e-01
1.016666968310014019e+00 2.921394441219703486e-01
1.016678465601236203e+00 2.180559906752861932e-01
1.016688238593216553e+00 2.932181787817322305e-01
1.016696286209180622e+00 2.173810691037081910e-01
1.016702607562409488e+00 2.941268117561952611e-01
1.016707201956362105e+00 2.168037738597868580e-01
1.016710068884773221e+00 2.948477275135872322e-01
1.016711208031724212e+00 2.163347165758792434e-01
1.016710619271685712e+00 2.953681846295766467e-01
1.016708302669536712e+00 2.159807188035813841e-01
1.016704258480554790e+00 2.956807208521206043e-01
1.016698487150380359e+00 2.157446724111786174e-01
1.016690989314954496e+00 2.957834010019808058e-01
1.016681765800431680e+00 2.156254839040886995e-01
1.016670817623062328e+00 2.956798917206304722e-01
1.016658145989053130e+00 2.156181046203519969e-01
1.016643752294398739e+00 2.953793586425804696e-01
1.016627638124686595e+00 2.157136457037152899e-01
1.016609805254876653e+00 2.948961934012600539e-01
1.016590255649054031e+00 2.158995739753616083e-01
1.016568991460157001e+00 2.942495888195321152e-01
1.016546015029675232e+00 2.161599823028209910e-01
1.016521328887326714e+00 2.934629896249443815e-01
1.016494935750703599e+00 2.164759259079386544e-01
1.016466838524897165e+00 2.925634522150219463e-01
1.016437040302091921e+00 2.168258145041007390e-01
1.016405544361138613e+00 2.915809498247807774e-01
1.016372354167097480e+00 2.171858493935275303e-01
1.016337473370758859e+00 2.905476586832456687e-01
1.016300905808136701e+00 2.175304948341064415e-01
1.016262655499937440e+00 2.894972564620695854e-01
1.016222726651003327e+00 2.178329745501907388e-01
1.016181123649731122e+00 2.884642568333545265e-01
1.016137851067464570e+00 2.180657871912590473e-01
1.016092913657864027e+00 2.874833937263837624e-01
1.016046316356249202e+00 2.182012391363852555e-01
1.015998064278919699e+00 2.865890564180232358e-01
1.015948162722448034e+00 2.182119992649901585e-01
1.015896617162952431e+00 2.858147623772283041e-01
1.015843433255341210e+00 2.180716879398559294e-01
1.015788616832537183e+00 2.851926391784329051e-01
1.015732173904675406e+00 2.177555211935083279e-01
1.015674110658279394e+00 2.847528700484691644e-01
1.015614433455411802e+00 2.172410403000829549e-01
1.015553148832804897e+00 2.845230399189425108e-01
1.015490263500965273e+00 2.165089656325249190e-01
1.015425784343256366e+00 2.845273004705189956e-01
1.015359718414960311e+00 2.155442207832010959e-01
1.015292072942314938e+00 2.847852541841887630e-01
1.015222855321529671e+00 2.143371767055411159e-01
1.015152073117780107e+00 2.853104401596167627e-01
1.015079734064179284e+00 2.128851644393909281e-01
1.015005846060728523e+00 2.861082910354774689e-01
1.014930417173247168e+00 2.111942966995889182e-01
1.014853455632281021e+00 2.871734255348833420e-01
1.014774969831989004e+00 2.092816215113747769e-01
1.014694968329010960e+00 2.884861528858418955e-01
1.014613459841313681e+00 2.071776037849773489e-01
1.014530453247016961e+00 2.900081060778206821e-01
1.014445957583202107e+00 2.049288931188420204e-01
1.014359982044696684e+00 2.916770085137716517e-01
1.014272535982843948e+00 2.026012896507800587e-01
1.014183628904250956e+00 2.934007368334171084e-01
1.014093270469518471e+00 2.002827677555350516e-01
1.014001470491952439e+00 2.950510990188435212e-01
1.013908238936257478e+00 1.980863640001089832e-01
1.013813585917211268e+00 2.964581263156673141e-01
1.013717521698322965e+00 1.961526835047034123e-01
1.013620056690472948e+00 2.974061886395010790e-01
1.013521201450534814e+00 1.946517223305828936e-01
1.013420966679983382e+00 2.976338542915366037e-01
1.013319363223482261e+00 1.937836206109739834e-01
1.013216402067458333e+00 2.968400193637198425e-01
1.013112094338658897e+00 1.937778011681605406e-01
1.013006451302692401e+00 2.946992106785864540e-01
1.012899484362555613e+00 1.948896220436817650e-01
1.012791205057144150e+00 2.908887658711883373e-01
1.012681625059749235e+00 1.973930538689150083e-01
1.012570756176538911e+00 2.851293675803011074e-01
1.012458610345026377e+00 2.015668581012127480e-01
1.012345199632523007e+00 2.772377627267490485e-01
1.012230536234578926e+00 2.076702594563022142e-01
1.012114632473410047e+00 2.671863919722888836e-01
1.011997500796312233e+00 2.159024402970046996e-01
1.011879153774061679e+00 2.551597985955286751e-01
1.011759604099304433e+00 2.263392197814920459e-01
1.011638864584934128e+00 2.415938303617496397e-01
1.011516948162455964e+00 2.388419056501646931e-01
1.011393867880340913e+00 2.271833818451502451e-01
1.011269636902369484e+00 2.529405773312744521e-01
1.011144268505962174e+00 2.128501060272435796e-01
1.011017776080502584e+00 2.677104267549152983e-01
1.010890173125647218e+00 1.996733762379314936e-01
1.010761473249629061e+00 2.816862965440654620e-01
1.010631690167547614e+00 1.888020206083572405e-01
1.010500837699653598e+00 2.928904030044141571e-01
1.010368929769621893e+00 1.813729115574491402e-01
1.010235980402817813e+00 2.990608227378596662e-01
1.010102003724554054e+00 1.784555457976491066e-01
1.009967013958339876e+00 2.981308604221808989e-01
1.009831025424122952e+00 1.810127624508526267e-01
1.009694052536524334e+00 2.888978287611723705e-01
1.009556109803065871e+00 1.898197238826726529e-01
1.009417211822390081e+00 2.716599981576826028e-01
1.009277373282476242e+00 2.052363347530201665e-01
1.009136608958847381e+00 2.484968360674550403e-01
1.008994933712773934e+00 2.267296288215229771e-01
1.008852362489470966e+00 2.229558280973571449e-01
1.008708910316290286e+00 2.521688010006942204e-01
1.008564592300907670e+00 1.992180847653122755e-01
1.008419423629506317e+00 2.772241163834230360e-01
1.008273419564954976e+00 1.811579632008425977e-01
1.008126595444983398e+00 2.955806525439449994e-01
1.007978966680353139e+00 1.717852050197564151e-01
1.007830548753026356e+00 3.006875057120625971e-01
1.007681357214329720e+00 1.732178914411598158e-01
1.007531407683117664e+00 2.888576001242172953e-01
1.007380715843932295e+00 1.867622784981557427e-01
1.007229297445160654e+00 2.619677489638278511e-01
1.007077168297191294e+00 2.122818210152138674e-01
1.006924344270568872e+00 2.274371951003970604e-01
1.006770841294146512e+00 2.463487200357449280e-01
1.006616675353240176e+00 1.950498180604580967e-01
1.006461862487778136e+00 2.801818114394754033e-01
1.006306418790453794e+00 1.730839735414737568e-01
1.006150360404876487e+00 3.005026610851845859e-01
1.005993703523722305e+00 1.666660392268665691e-01
1.005836464386887119e+00 2.960040981647924507e-01
1.005678659279638287e+00 1.784305827591789184e-01
1.005520304530768572e+00 2.661927349784045660e-01
1.005361416510750283e+00 2.085043223982710747e-01
1.005202011629892533e+00 2.235895241702734459e-01
1.005042106336499153e+00 2.510372418640243186e-01
1.004881717115028161e+00 1.857107463676297976e-01
1.004720860484254352e+00 2.898239410480576983e-01
1.004559552995434979e+00 1.654532784633954701e-01
1.004397811230476778e+00 3.026083181935939614e-01
1.004235651800106544e+00 1.689597699501738381e-01
1.004073091342046142e+00 2.783660538663143558e-01
1.003910146519188640e+00 1.978602706223994423e-01
1.003746834017780643e+00 2.302903814249099013e-01
1.003583170545607528e+00 2.460882349013680803e-01
1.003419172830182005e+00 1.851745550416012964e-01
1.003254857616939333e+00 2.914961899579648352e-01
1.003090241667434546e+00 1.630830522669811378e-01
1.002925341757546995e+00 3.018960785135328950e-01
1.002760174675688232e+00 1.721698631090181342e-01
1.002594757221015875e+00 2.658898648749098426e-01
1.002429106201653930e+00 2.127400563564425806e-01
1.002263238432915982e+00 2.096034600183830365e-01
1.002097170735538612e+00 2.697959407072484384e-01
1.001930919933916364e+00 1.693933426326892366e-01
1.001764502854346928e+00 3.041268530103625745e-01
1.001597936323279869e+00 1.642976511384288407e-01
1.001431237165574695e+00 2.823260904144206385e-01
1.001264422202762905e+00 1.985401914946305080e-01
1.001097508251320267e+00 2.223706383553142318e-01
1.000930512120943527e+00 2.599845134430494586e-01
1.000763450612836891e+00 1.730181453279207304e-01
1.000596340518003835e+00 3.037828671414616877e-01
1.000429198615549353e+00 1.636305424665876196e-01
1.000262041670987534e+00 2.833921987880974047e-01
1.000094886434558683e+00 2.005268200576875437e-01
9.999277496395548859e-01 2.183760481648348017e-01
9.997606480006528962e-01 2.674203129365414489e-01
9.995935982122566843e-01 1.691845328052699327e-01
9.994266169468483119e-01 3.060740322960603388e-01
9.992597208533470221e-01 1.684859947896274746e-01
9.990929265554786554e-01 2.691006935611356399e-01
9.989262506501529471e-01 2.195317203054753252e-01
9.987597097058508178e-01 1.988591526437436530e-01
9.985933202610211001e-01 2.891975171480222762e-01
9.984270988224858145e-01 1.633827791087614500e-01
9.982610618638571021e-01 2.998559990822337040e-01
9.980952258239610408e-01 1.870390285616347348e-01
9.979296071052746742e-01 2.349481349724786283e-01
9.977642220723702549e-01 2.585630521063962406e-01
9.975990870503707031e-01 1.738667909639808606e-01
9.974342183234164994e-01 3.072183689205489343e-01
9.972696321331397940e-01 1.716482750868461582e-01
9.971053446771523943e-01 2.643586517069307362e-01
9.969413721075423007e-01 2.325927205001028508e-01
9.967777305293802348e-01 1.895438784529675513e-01
9.966144359992398227e-01 3.019930480733452605e-01
9.964515045237249957e-01 1.671324103877561695e-01
9.962889520580106018e-01 2.826410474796307581e-01
9.961267945043926764e-01 2.166705151443817923e-01
9.959650477108514810e-01 2.031039355629255250e-01
9.958037274696233121e-01 2.950468339888561164e-01
9.956428495157850778e-01 1.676122923239382889e-01
9.954824295258499767e-01 2.914256854515518969e-01
9.953224831163732800e-01 2.101991526445830816e-01
9.951630258425718800e-01 2.106747194799487299e-01
9.950040731969521657e-01 2.922145095959152727e-01
9.948456406079517755e-01 1.695139406038240482e-01
9.946877434385921202e-01 2.934201459065560735e-01
9.945303969851421177e-01 2.117646687811597372e-01
9.943736164757939200e-01 2.110583611808865834e-01
9.942174170693506285e-01 2.951114824159485339e-01
9.940618138539242254e-01 1.717875527816328518e-01
9.939068218456483805e-01 2.895020490178744632e-01
9.937524559873984753e-01 2.209725992868984690e-01
9.935987311475281691e-01 2.048627560902952227e-01
9.934456621186144032e-01 3.023311600436431879e-01
9.932932636162155049e-01 1.757535193594859935e-01
9.931415502776422821e-01 2.784344519923367955e-01
9.929905366607385542e-01 2.383262225084720465e-01
9.928402372426754496e-01 1.944316163835044520e-01
9.926906664187578055e-01 3.093603103265593068e-01
9.925418385012411138e-01 1.847901433980406183e-01
9.923937677181616790e-01 2.586388741243969558e-01
9.922464682121783230e-01 2.635213807423799626e-01
9.920999540394263017e-01 1.843228414295514095e-01
9.919542391683825455e-01 3.083585470813763330e-01
9.918093374787438909e-01 2.035714378084611809e-01
9.916652627603166348e-01 2.314750466965423137e-01
9.915220287119187459e-01 2.918732848514403178e-01
9.913796489402927348e-01 1.813845070537519755e-01
9.912381369590324010e-01 2.909193393452872423e-01
9.910975061875202385e-01 2.356987281878508700e-01
9.909577699498770542e-01 2.039942426187176805e-01
9.908189414739241307e-01 3.105349341455634904e-01
9.906810338901566038e-01 1.937782482667137207e-01
9.905440602307296061e-01 2.558875073963442492e-01
9.904080334284549592e-01 2.774563016558841411e-01
9.902729663158119644e-01 1.880588634868166908e-01
9.901388716239679644e-01 3.021439250545748245e-01
9.900057619818116716e-01 2.277879542622085751e-01
9.898736499149990431e-01 2.161400453161960167e-01
9.897425478450095904e-01 3.092163850310845619e-01
9.896124680882153468e-01 1.961572260159795966e-01
9.894834228549619359e-01 2.628485111477485425e-01
9.893554242486598538e-01 2.777706617084418350e-01
9.892284842648900733e-01 1.934105513570255619e-01
9.891026147905185306e-01 3.021464974999057973e-01
9.889778276028240445e-01 2.354083119453513062e-01
9.888541343686375606e-01 2.164476984035119955e-01
9.887315466434921651e-01 3.118770373945770613e-01
9.886100758707865310e-01 2.058111596239954044e-01
9.884897333809569142e-01 2.548126560594910495e-01
9.883705303906643591e-01 2.911254074693436777e-01
9.882524780019891208e-01 1.974363499926194421e-01
9.881355872016412967e-01 2.919869717192842273e-01
9.880198688601781187e-01 2.565960271536390502e-01
9.879053337312357908e-01 2.092150533738734164e-01
9.877919924507713167e-01 3.119924426336310730e-01
9.876798555363158760e-01 2.258806688192399326e-01
9.875689333862395225e-01 2.356377428394166862e-01
9.874592362790263200e-01 3.087506387994264911e-01
9.873507743725614683e-01 2.081992206610727703e-01
9.872435577034293086e-01 2.679878128174601470e-01
9.871375961862214332e-01 2.880114871041111746e-01
9.870328996128580057e-01 2.054292626167563141e-01
9.869294776519168533e-01 2.960612355819852159e-01
9.868273398479764369e-01 2.608899878328605482e-01
9.867264956209673699e-01 2.157070294440673330e-01
9.866269542655363711e-01 3.118921886523532971e-01
9.865287249504200995e-01 2.367842310043963283e-01
9.864318167178298680e-01 2.353650759416789917e-01
9.863362384828466833e-01 3.128471276080815322e-01
9.862419990328280539e-01 2.206837694550100315e-01
9.861491070268235681e-01 2.595950660254850439e-01
9.860575709950023526e-01 3.016006918128719128e-01
9.859673993380909662e-01 2.139356359566697008e-01
9.858786003268196207e-01 2.831812796979665814e-01
9.857911821013832787e-01 2.835768189932158512e-01
9.857051526709068590e-01 2.158441289042210831e-01
9.856205199129265404e-01 3.016646089380974893e-01
9.855372915728778382e-01 2.641520404671087174e-01
9.854554752635946713e-01 2.247617820003683098e-01
9.853750784648187544e-01 3.123949016781158994e-01
9.852961085227189830e-01 2.471237415114803104e-01
9.852185726494210316e-01 2.385995033915497276e-01
9.851424779225457229e-01 3.148811922827297605e-01
9.850678312847598317e-01 2.344834514447559082e-01
9.849946395433339941e-01 2.550868184442389164e-01
9.849229093697123849e-01 3.103678622476863103e-01
9.848526472990907221e-01 2.268540189126936613e-01
9.847838597300058172e-01 2.720111052718590106e-01
9.847165529239327864e-01 3.010125128495207414e-01
9.846507330048938078e-01 2.240345728586529139e-01
9.845864059590748729e-01 2.874723156526265422e-01
9.845235776344531953e-01 2.891063560235144769e-01
9.844622537404339457e-01 2.254079243491343976e-01
9.844024398474956472e-01 3.000871538074557643e-01
9.843441413868470047e-01 2.765784632126865872e-01
9.842873636500898415e-01 2.301822746608422898e-01
9.842321117888954696e-01 3.090785479773532907e-01
9.841783908146870541e-01 2.648038532485974539e-01
9.841262055983329704e-01 2.375192113690860751e-01
9.840755608698488199e-01 3.142387137063057390e-01
9.840264612181082171e-01 2.546194490005029842e-01
9.839789110905649006e-01 2.466020392809337158e-01
9.839329147929807284e-01 3.158021650306032102e-01
9.838884764891661083e-01 2.464371878626665235e-01
9.838456002007263113e-01 2.566768707092132451e-01
9.838042898068192210e-01 3.142833171977056916e-01
9.837645490439216323e-01 2.403768354612991487e-01
9.837263815056037641e-01 2.670797304983436593e-01
9.836897906423127669e-01 3.103248132295625683e-01
9.836547797611665533e-01 2.363799667970783447e-01
9.836213520257550691e-01 2.772527719541703073e-01
9.835895104559500002e-01 3.045823605224329822e-01
9.835592579277262493e-01 2.342935222778907700e-01
9.835305971729884078e-01 2.867497386931973646e-01
9.835035307794088855e-01 2.976526634468599219e-01
9.834780611902730341e-01 2.339249143464185443e-01
9.834541907043350406e-01 2.952314324616130414e-01
9.834319214756799266e-01 2.900388958231004399e-01
9.834112555135963163e-01 2.350752408190626142e-01
9.833921946824575322e-01 3.024534056828186990e-01
9.833747407016106834e-01 2.821432481145438875e-01
9.833588951452747473e-01 2.375572431296630593e-01
9.833446594424486431e-01 3.082490327623257365e-01
9.833320348768245234e-01 2.742760282497205826e-01
9.833210225867140553e-01 2.412031225745124852e-01
9.833116235649801418e-01 3.125112224156031959e-01
9.833038386589785240e-01 2.666730157041434235e-01
9.832976685705077102e-01 2.458656121722318233e-01
9.832931138557676753e-01 3.151755396872577553e-01
9.832901749253271095e-01 2.595154862654696082e-01
9.832888520440992153e-01 2.514143112338117492e-01
