9.832887700534760356e-01 3.819277211416746143e-01
9.832895781413983904e-01 3.819270931971475713e-01
9.832920023323267200e-01 3.504555716407174448e-01
9.832960424077469286e-01 3.558877935999589792e-01
9.833016980034838816e-01 3.812299165257328482e-01
9.833089686097227222e-01 3.479656784217036170e-01
9.833178535710384027e-01 3.593735878412266938e-01
9.833283520864346539e-01 3.797662961530579584e-01
9.833404632093908360e-01 3.459701951734960312e-01
9.833541858479186715e-01 3.630519525481316068e-01
9.833695187646260827e-01 3.775740244175822546e-01
9.833864605767902445e-01 3.445311866279958113e-01
9.834050097564394077e-01 3.668127104686038087e-01
9.834251646304434935e-01 3.747107498636812473e-01
9.834469233806132360e-01 3.437127914637738701e-01
9.834702840438070970e-01 3.705207226351825978e-01
9.834952445120488385e-01 3.712579311639433999e-01
9.835218025326514235e-01 3.435820189955181569e-01
9.835499557083519084e-01 3.740103922942457082e-01
9.835797014974531072e-01 3.673254646147761093e-01
9.836110372139756919e-01 3.442070489148391643e-01
9.836439600278173989e-01 3.770828613369423543e-01
9.836784669649225599e-01 3.630561320749357557e-01
9.837145549074602924e-01 3.456521073785142062e-01
9.837522205940091302e-01 3.795082803300118268e-01
9.837914606197550871e-01 3.586288917778892027e-01
9.838322714366934951e-01 3.479675640173134910e-01
9.838746493538444993e-01 3.810360908992626583e-01
9.839185905374727703e-01 3.542600468760905841e-01
9.839640910113213179e-01 3.511735382884189072e-01
9.840111466568493004e-01 3.814162768653444613e-01
9.840597532134831571e-01 3.502015093247051736e-01
9.841099062788732921e-01 3.552353506473373557e-01
9.841616013091628590e-01 3.804334462673784611e-01
9.842148336192633185e-01 3.467356604616375626e-01
9.842695983831402096e-01 3.600302278080359519e-01
9.843258906341086911e-01 3.779528384864204726e-01
9.843837052651369657e-01 3.441664278468107852e-01
9.844430370291603616e-01 3.653077108038408904e-01
9.845038805394035197e-01 3.739727811211173703e-01
9.845662302697123502e-01 3.428056256511515798e-01
9.846300805548963142e-01 3.706521916039884901e-01
9.846954255910785880e-01 3.686726686654253071e-01
9.847622594360568860e-01 3.429516490510425286e-01
9.848305760096733863e-01 3.754649880149720786e-01
9.849003690941932065e-01 3.624415896309737262e-01
9.849716323346955349e-01 3.448538516843827062e-01
9.850443592394699799e-01 3.789927249052925107e-01
9.851185431804264647e-01 3.558736465436262431e-01
9.851941773935130042e-01 3.486512958159023179e-01
9.852712549791433627e-01 3.804312326850310400e-01
9.853497689026352591e-01 3.497239979460715076e-01
9.854297119946573424e-01 3.542731626773303333e-01
9.855110769516869373e-01 3.791183520399475371e-01
9.855938563364777805e-01 3.448324319295953955e-01
9.856780425785371946e-01 3.612990664526412044e-01
9.857636279746132546e-01 3.747870167973614830e-01
9.858506046891933883e-01 3.420299904139373348e-01
9.859389647550111935e-01 3.688132612941667499e-01
9.860287000735645790e-01 3.677924196116138522e-01
9.861198024156442310e-01 3.420361851004213860e-01
9.862122634218722927e-01 3.753505103577626234e-01
9.863060746032504822e-01 3.591937333691760936e-01
9.864012273417195331e-01 3.453237542418166051e-01
9.864977128907297388e-01 3.790896510078660686e-01
9.865955223758196002e-01 3.506112968230354343e-01
9.866946467952077970e-01 3.518928038848636031e-01
9.867950770203932631e-01 3.784131922245241308e-01
9.868968037967684737e-01 3.438961275638938164e-01
9.869998177442407261e-01 3.609156774103237653e-01
9.871041093578660774e-01 3.727264413770691731e-01
9.872096690084932735e-01 3.407498043760207040e-01
9.873164869434184476e-01 3.703749799118856156e-01
9.874245532870512543e-01 3.630973792288854085e-01
9.875338580415915501e-01 3.423904480785891491e-01
9.876443910877160670e-01 3.771202059708461118e-01
9.877561421852786294e-01 3.521891415414745152e-01
9.878691009740184770e-01 3.491626611759948706e-01
9.879832569742813542e-01 3.779018311903621918e-01
9.880985995877523687e-01 3.434014963895652972e-01
9.882151180981978422e-01 3.598765679912356297e-01
9.883328016722204845e-01 3.713271266766796641e-01
9.884516393600244477e-01 3.397642887442577919e-01
9.885716200961928157e-01 3.710679317392912013e-01
9.886927327004754185e-01 3.594040423949100838e-01
9.888149658785891916e-01 3.431053618218430912e-01
9.889383082230281952e-01 3.773599064493428634e-01
9.890627482138872884e-01 3.470225863967680846e-01
9.891882742196954625e-01 3.532294591133839368e-01
9.893148744982624976e-01 3.742931969488006994e-01
9.894425371975347216e-01 3.395862165516586595e-01
9.895712503564650930e-01 3.666095247299364090e-01
9.897010019058934960e-01 3.623573721252099089e-01
9.898317796694381387e-01 3.407772469386037284e-01
9.899635713644007184e-01 3.759377852747770588e-01
9.900963646026810228e-01 3.478351813888159727e-01
9.902301468917048544e-01 3.511403342060666066e-01
9.903649056353632796e-01 3.739223867082893671e-01
9.905006281349633124e-01 3.388309814444534496e-01
9.906373015901911439e-01 3.661894147197100047e-01
9.907749131000868070e-01 3.605093849413605889e-01
9.909134496640309431e-01 3.407326811715041259e-01
9.910528981827432249e-01 3.756975690104982779e-01
9.911932454592932151e-01 3.447009149587313970e-01
9.913344782001217714e-01 3.536899901183367390e-01
9.914765830160773286e-01 3.704711603809351939e-01
9.916195464234600632e-01 3.373809052283302523e-01
9.917633548450823788e-01 3.698540570069552835e-01
9.919079946113378288e-01 3.535561221094685180e-01
9.920534519612843605e-01 3.441342856566697583e-01
9.921997130437376633e-01 3.746831810185902722e-01
9.923467639183790601e-01 3.389887120684450528e-01
9.924945905568726134e-01 3.615032665322538419e-01
9.926431788439959991e-01 3.614710734452630247e-01
9.927925145787830363e-01 3.386943002288585469e-01
9.929425834756783198e-01 3.742168644061629745e-01
9.930933711657030649e-01 3.426604607216303111e-01
9.932448631976341646e-01 3.541622114552540057e-01
9.933970450391936824e-01 3.666822457904909682e-01
9.935499020782521118e-01 3.362766910678842147e-01
9.937034196240426276e-01 3.716698427141734151e-01
9.938575829083867719e-01 3.461320253165209304e-01
9.940123770869325748e-01 3.490844547702523504e-01
9.941677872404053318e-01 3.692317597499156778e-01
9.943237983758679288e-01 3.353605963123313938e-01
9.944803954279970437e-01 3.691764105053346734e-01
9.946375632603655648e-01 3.481088695167353642e-01
9.947952866667423288e-01 3.463069383490759434e-01
9.949535503723997421e-01 3.698495985476604186e-01
9.951123390354343901e-01 3.348199717089002103e-01
9.952716372481004159e-01 3.678906653355148437e-01
9.954314295381520017e-01 3.480452765821548389e-01
9.955917003701996171e-01 3.456195761965050739e-01
9.957524341470764817e-01 3.690413924885411201e-01
9.959136152112171292e-01 3.341892670821922651e-01
9.960752278460472953e-01 3.681509514950335182e-01
9.962372562773841311e-01 3.458273070571758478e-01
9.963996846748496283e-01 3.470444871407948884e-01
9.965624971532934806e-01 3.666746864804043549e-01
9.967256777742272700e-01 3.337372574930807523e-01
9.968892105472708653e-01 3.695751543495149338e-01
9.970530794316085910e-01 3.417088061689310119e-01
9.972172683374572744e-01 3.508673601025937838e-01
9.973817611275435091e-01 3.620176349915449898e-01
9.975465416185941292e-01 3.344911124706784200e-01
9.977115935828345661e-01 3.708374779582512271e-01
9.978769007494999732e-01 3.366044641001646465e-01
9.980424468063552323e-01 3.571715393655416348e-01
9.982082154012269504e-01 3.543243728151828087e-01
9.983741901435441157e-01 3.381057118671277339e-01
9.985403546058886359e-01 3.694204885379844261e-01
9.987066923255591977e-01 3.325320927973260399e-01
9.988731868061402341e-01 3.646977639862973852e-01
9.990398215190846587e-01 3.440928261665466836e-01
9.992065799053040376e-01 3.461544340801316899e-01
9.993734453767694204e-01 3.623744817371620797e-01
9.995404013181212743e-01 3.326790815414518154e-01
9.997074310882885229e-01 3.693799945713807653e-01
9.998745180221169093e-01 3.344110164612166258e-01
1.000041645432006687e+00 3.580598432254119556e-01
1.000208796609559192e+00 3.492000954379528843e-01
1.000375954827231517e+00 3.403171302419189526e-01
1.000543103340000073e+00 3.650305957965432335e-01
1.000710225387033914e+00 3.308624015238012528e-01
1.000877304193374062e+00 3.677017826029992387e-01
1.001044322971623046e+00 3.351681641882250928e-01
1.001211264923641098e+00 3.551972293877014297e-01
1.001378113242250345e+00 3.497626108763037811e-01
1.001544851112948553e+00 3.388485290565136365e-01
1.001711461715626639e+00 3.642077291883432100e-01
1.001877928226297509e+00 3.301068698270436808e-01
1.002044233818828900e+00 3.672290393289336929e-01
1.002210361666685312e+00 3.331391471438889806e-01
1.002376294944675506e+00 3.568626370892797328e-01
1.002542016830706650e+00 3.455857074388012928e-01
1.002707510507546251e+00 3.414995893319790476e-01
1.002872759164587846e+00 3.599500901373582917e-01
1.003037745999624697e+00 3.308117573393592470e-01
1.003202454220628370e+00 3.669041811342352299e-01
1.003366867047533972e+00 3.295101560928266893e-01
1.003530967714028721e+00 3.620473105941086622e-01
1.003694739469347619e+00 3.373658175901053657e-01
1.003858165580072903e+00 3.492035196183512213e-01
1.004021229331939491e+00 3.503876921110649634e-01
1.004183914031643088e+00 3.361164381599259787e-01
1.004346203008654514e+00 3.619403168982992525e-01
1.004508079617036698e+00 3.286443275844604939e-01
1.004669527237266102e+00 3.658762222178826296e-01
1.004830529278057050e+00 3.289354411623538477e-01
1.004991069178191365e+00 3.604698680527027022e-01
1.005151130408348248e+00 3.362130925572163198e-01
1.005310696472939025e+00 3.491193852209151238e-01
1.005469750911944793e+00 3.475128471697956911e-01
1.005628277302753837e+00 3.372766020862276726e-01
1.005786259262004601e+00 3.583498844375718195e-01
1.005943680447427768e+00 3.291661833501959844e-01
1.006100524559691456e+00 3.643318849421276484e-01
1.006256775344247512e+00 3.266934040220663138e-01
1.006412416593177817e+00 3.632774137175240337e-01
1.006567432147043251e+00 3.298826339575818833e-01
1.006721805896731770e+00 3.561358818752821120e-01
1.006875521785306704e+00 3.374569569902795552e-01
1.007028563809856170e+00 3.459783739647920853e-01
1.007180916023341144e+00 3.471654356323444768e-01
1.007332562536443321e+00 3.361483089386760881e-01
1.007483487519412524e+00 3.562201253514319377e-01
1.007633675203911894e+00 3.289997923427552262e-01
1.007783109884862638e+00 3.620861363158396906e-01
1.007931775922287443e+00 3.256283166127037498e-01
1.008079657743149671e+00 3.633345738795645818e-01
1.008226739843193887e+00 3.261527896002289206e-01
1.008373006788779724e+00 3.600322197155129134e-01
1.008518443218715532e+00 3.300502968797662806e-01
1.008663033846089130e+00 3.534564106747083989e-01
1.008806763460092792e+00 3.363648252607021605e-01
1.008949616927846016e+00 3.454044297695457733e-01
1.009091579196214949e+00 3.438523022563231279e-01
1.009232635293624281e+00 3.375398967000249328e-01
1.009372770331869340e+00 3.511642931830212255e-01
1.009511969507918216e+00 3.310381450850594098e-01
1.009650218105711650e+00 3.570899716178198013e-01
1.009787501497956708e+00 3.265300127928784657e-01
1.009923805147912912e+00 3.607869385917451543e-01
1.010059114611175479e+00 3.242095069024658605e-01
1.010193415537447903e+00 3.619099405759993449e-01
1.010326693672311205e+00 3.239774914672695072e-01
1.010458934858983415e+00 3.605951839419478944e-01
1.010590125040074172e+00 3.255569850460685588e-01
1.010720250259327768e+00 3.573278874703044172e-01
1.010849296663362207e+00 3.285694024267657998e-01
1.010977250503397151e+00 3.527619629054965511e-01
1.011104098136973883e+00 3.325851319007290807e-01
1.011229826029665713e+00 3.475580263892768529e-01
1.011354420756780392e+00 3.371634070014722373e-01
1.011477869005050767e+00 3.422762401808026045e-01
1.011600157574316983e+00 3.418886247344420370e-01
1.011721273379198482e+00 3.373287003895522052e-01
1.011841203450753124e+00 3.464025014077530273e-01
1.011959934938128081e+00 3.329768363432399902e-01
1.012077455110198088e+00 3.504278238154614478e-01
1.012193751357192140e+00 3.293540852192435309e-01
1.012308811192308200e+00 3.537801342834639984e-01
1.012422622253315696e+00 3.264975856918556074e-01
1.012535172304146025e+00 3.563665742185613827e-01
1.012646449236469959e+00 3.243789026974707168e-01
1.012756441071261282e+00 3.581741456162986781e-01
1.012865135960347329e+00 3.229292868129293725e-01
1.012972522187946200e+00 3.592514715622528443e-01
1.013078588172189320e+00 3.220584894439613155e-01
1.013183322466629344e+00 3.596884177448891329e-01
1.013286713761734958e+00 3.216678695839659818e-01
1.013388750886368372e+00 3.595970736423643177e-01
1.013489422809248808e+00 3.216590651599293138e-01
1.013588718640400899e+00 3.590962306442537777e-01
1.013686627632586656e+00 3.219394477057967996e-01
1.013783139182719673e+00 3.583001787444917707e-01
1.013878242833266441e+00 3.224253190693612825e-01
1.013971928273627032e+00 3.573116725798060056e-01
1.014064185341501334e+00 3.230435394514494241e-01
1.014155004024237750e+00 3.562183639792261824e-01
1.014244374460162357e+00 3.237320684945400595e-01
1.014332286939892080e+00 3.550917953267285765e-01
1.014418731907629434e+00 3.244397617740306106e-01
1.014503699962438832e+00 3.539880778303358122e-01
1.014587181859502030e+00 3.251256762872125061e-01
1.014669168511358688e+00 3.529495286296042145e-01
1.014749650989124508e+00 3.257580799845939956e-01
1.014828620523690494e+00 3.520067283396480229e-01
1.014906068506902903e+00 3.263133171284070544e-01
1.014981986492724086e+00 3.511806375075199882e-01
1.015056366198370474e+00 3.267746450476192721e-01
1.015129199505433011e+00 3.504845544308397565e-01
1.015200478460974942e+00 3.271311255100977644e-01
1.015270195278608956e+00 3.499258027473556298e-01
1.015338342339553890e+00 3.273766249699813780e-01
1.015404912193669240e+00 3.495071089456666114e-01
1.015469897560468127e+00 3.275089530022221584e-01
1.015533291330108279e+00 3.492276747237031409e-01
1.015595086564361704e+00 3.275291479675196959e-01
1.015655276497561044e+00 3.490839744970549163e-01
1.015713854537523497e+00 3.274409035810106894e-01
1.015770814266452993e+00 3.490703207743320324e-01
1.015826149441818371e+00 3.272501194390869950e-01
1.015879853997208704e+00 3.491792444606835466e-01
1.015931922043165736e+00 3.269645521597228099e-01
1.015982347867992353e+00 3.494017368091985598e-01
1.016031125938537505e+00 3.265935409717294902e-01
1.016078250900957158e+00 3.497273968732371174e-01
1.016123717581451924e+00 3.261477816207957736e-01
1.016167520986979156e+00 3.501445241995545521e-01
1.016209656305942399e+00 3.256391246708509324e-01
1.016250118908854194e+00 3.506401917507037669e-01
1.016288904348976896e+00 3.250803780761129524e-01
1.016326008362936184e+00 3.512003288969738901e-01
1.016361426871310814e+00 3.244850987089714089e-01
1.016395155979197940e+00 3.518098387797657933e-01
1.016427191976751798e+00 3.238673628488519252e-01
1.016457531339697740e+00 3.524527683259952582e-01
1.016486170729821170e+00 3.232415110586783213e-01
1.016513106995430737e+00 3.531125426368504350e-01
1.016538337171795536e+00 3.226218679148927793e-01
1.016561858481556557e+00 3.537722683924280909e-01
1.016583668335112822e+00 3.220224414692081094e-01
1.016603764330981541e+00 3.544151035044330600e-01
1.016622144256131399e+00 3.214566107576101728e-01
1.016638806086290980e+00 3.550246828251046871e-01
1.016653747986229872e+00 3.209368120643835698e-01
1.016666968310014019e+00 3.555855827968145144e-01
1.016678465601236203e+00 3.204742358559271587e-01
1.016688238593216553e+00 3.560838020870571441e-01
1.016696286209180622e+00 3.200785465022760734e-01
1.016702607562409488e+00 3.565072311231150537e-01
1.016707201956362105e+00 3.197576361160116565e-01
1.016710068884773221e+00 3.568460815660405849e-01
1.016711208031724212e+00 3.195174223971611882e-01
1.016710619271685712e+00 3.570932475021758035e-01
1.016708302669536712e+00 3.193616983858415526e-01
1.016704258480554790e+00 3.572445735777062814e-01
1.016698487150380359e+00 3.192920397931875987e-01
1.016690989314954496e+00 3.572990112208382363e-01
1.016681765800431680e+00 3.193077731763811489e-01
1.016670817623062328e+00 3.572586519377699554e-01
1.016658145989053130e+00 3.194060058799273460e-01
1.016643752294398739e+00 3.571286356147422292e-01
1.016627638124686595e+00 3.195817163264080829e-01
1.016609805254876653e+00 3.569169408380781228e-01
1.016590255649054031e+00 3.198279010659153543e-01
1.016568991460157001e+00 3.566340724672195095e-01
1.016546015029675232e+00 3.201357729846155409e-01
1.016521328887326714e+00 3.562926681929103889e-01
1.016494935750703599e+00 3.204950032950516503e-01
1.016466838524897165e+00 3.559070499508203977e-01
1.016437040302091921e+00 3.208939985261182737e-01
1.016405544361138613e+00 3.554927475157195760e-01
1.016372354167097480e+00 3.213202028273376420e-01
1.016337473370758859e+00 3.550660203690461092e-01
1.016300905808136701e+00 3.217604156107303770e-01
1.016262655499937440e+00 3.546434002954605980e-01
1.016222726651003327e+00 3.222011151124691275e-01
1.016181123649731122e+00 3.542412716103849890e-01
1.016137851067464570e+00 3.226287798573179710e-01
1.016092913657864027e+00 3.538754990449660687e-01
1.016046316356249202e+00 3.230302023578197623e-01
1.015998064278919699e+00 3.535611057242166733e-01
1.015948162722448034e+00 3.233927925899017786e-01
1.015896617162952431e+00 3.533119959056554849e-01
1.015843433255341210e+00 3.237048726580816771e-01
1.015788616832537183e+00 3.531407096239094212e-01
1.015732173904675406e+00 3.239559683654744671e-01
1.015674110658279394e+00 3.530581894113561381e-01
1.015614433455411802e+00 3.241371077490941555e-01
1.015553148832804897e+00 3.530735330536814987e-01
1.015490263500965273e+00 3.242411405848266703e-01
1.015425784343256366e+00 3.531937010782494890e-01
1.015359718414960311e+00 3.242630959312428618e-01
1.015292072942314938e+00 3.534231436488436406e-01
1.015222855321529671e+00 3.242005963650873013e-01
1.015152073117780107e+00 3.537633092539160251e-01
1.015079734064179284e+00 3.240543471413493970e-01
1.015005846060728523e+00 3.542119979277650321e-01
1.014930417173247168e+00 3.238287154239573029e-01
1.014853455632281021e+00 3.547625262479897068e-01
1.014774969831989004e+00 3.235324084552282375e-01
1.014694968329010960e+00 3.554026822968588406e-01
1.014613459841313681e+00 3.231792495251517017e-01
1.014530453247016961e+00 3.561134694450869831e-01
1.014445957583202107e+00 3.227890365301526177e-01
1.014359982044696684e+00 3.568676724454128424e-01
1.014272535982843948e+00 3.223884495725445887e-01
1.014183628904250956e+00 3.576283328137914164e-01
1.014093270469518471e+00 3.220119513833650249e-01
1.014001470491952439e+00 3.583472974017223867e-01
1.013908238936257478e+00 3.217025971164371168e-01
1.013813585917211268e+00 3.589641067040122424e-01
1.013717521698322965e+00 3.215126373777779101e-01
1.013620056690472948e+00 3.594056143442389550e-01
1.013521201450534814e+00 3.215037575621868537e-01
1.013420966679983382e+00 3.595868621453462977e-01
1.013319363223482261e+00 3.217467421737069677e-01
1.013216402067458333e+00 3.594138453004250833e-01
1.013112094338658897e+00 3.223202755189299440e-01
1.013006451302692401e+00 3.587888369076861483e-01
1.012899484362555613e+00 3.233084775877393402e-01
1.012791205057144150e+00 3.576188271072299196e-01
1.012681625059749235e+00 3.247966157552156230e-01
1.012570756176538911e+00 3.558272878348485713e-01
1.012458610345026377e+00 3.268642338151845350e-01
1.012345199632523007e+00 3.533688424275348572e-01
1.012230536234578926e+00 3.295747447274163799e-01
1.012114632473410047e+00 3.502455194647812187e-01
1.011997500796312233e+00 3.329604672192252868e-01
1.011879153774061679e+00 3.465222590006737935e-01
1.011759604099304433e+00 3.370023995621812540e-01
1.011638864584934128e+00 3.423385422823137514e-01
1.011516948162455964e+00 3.416051147479285954e-01
1.011393867880340913e+00 3.379128740654666063e-01
1.011269636902369484e+00 3.465695055637840194e-01
1.011144268505962174e+00 3.335377290677271622e-01
1.011017776080502584e+00 3.515699874240562628e-01
1.010890173125647218e+00 3.295644735901149813e-01
1.010761473249629061e+00 3.561477048177907334e-01
1.010631690167547614e+00 3.263800152102208085e-01
1.010500837699653598e+00 3.597352886850746501e-01
1.010368929769621893e+00 3.243781419831888169e-01
1.010235980402817813e+00 3.617278660335070395e-01
1.010102003724554054e+00 3.239270794037781842e-01
1.009967013958339876e+00 3.616046117483827094e-01
1.009831025424122952e+00 3.253299358724162094e-01
1.009694052536524334e+00 3.590832980294071386e-01
1.009556109803065871e+00 3.287679671003054249e-01
1.009417211822390081e+00 3.542633264409527083e-01
1.009277373282476242e+00 3.342133310797524848e-01
1.009136608958847381e+00 3.476971272910309163e-01
1.008994933712773934e+00 3.413077581048364340e-01
1.008852362489470966e+00 3.403444377136687904e-01
1.008708910316290286e+00 3.492362844911690578e-01
1.008564592300907670e+00 3.334120715796768386e-01
1.008419423629506317e+00 3.566790745043814104e-01
1.008273419564954976e+00 3.281372928913306453e-01
1.008126595444983398e+00 3.619663790109635682e-01
1.007978966680353139e+00 3.255912766874444197e-01
1.007830548753026356e+00 3.635232027524611942e-01
1.007681357214329720e+00 3.265339163682341450e-01
1.007531407683117664e+00 3.605193718054979235e-01
1.007380715843932295e+00 3.312677723019119558e-01
1.007229297445160654e+00 3.534098435137162930e-01
1.007077168297191294e+00 3.393967237595644781e-01
1.006924344270568872e+00 3.439859987922910811e-01
1.006770841294146512e+00 3.494922898281351276e-01
1.006616675353240176e+00 3.348319869953070849e-01
1.006461862487778136e+00 3.589357899113266859e-01
1.006306418790453794e+00 3.285082838744806666e-01
1.006150360404876487e+00 3.644368203711058629e-01
1.005993703523722305e+00 3.269189479747477978e-01
1.005836464386887119e+00 3.634691019878218965e-01
1.005678659279638287e+00 3.309753272971711069e-01
1.005520304530768572e+00 3.559352721291552113e-01
1.005361416510750283e+00 3.402341015490471521e-01
1.005202011629892533e+00 3.446617126656851271e-01
1.005042106336499153e+00 3.522928764983292438e-01
1.004881717115028161e+00 3.341023661648065413e-01
1.004720860484254352e+00 3.625929127393875961e-01
1.004559552995434979e+00 3.283314172804207565e-01
1.004397811230476778e+00 3.659850764239842569e-01
1.004235651800106544e+00 3.297723630402177308e-01
1.004073091342046142e+00 3.601197969366622953e-01
1.003910146519188640e+00 3.386439197397410061e-01
1.003746834017780643e+00 3.478019280985281125e-01
1.003583170545607528e+00 3.521438827745475564e-01
1.003419172830182005e+00 3.354436985056633014e-01
1.003254857616939333e+00 3.639305065136441142e-01
1.003090241667434546e+00 3.291599046154819463e-01
1.002925341757546995e+00 3.666745569546592254e-01
1.002760174675688232e+00 3.322158408087991233e-01
1.002594757221015875e+00 3.579636810237263322e-01
1.002429106201653930e+00 3.440949104786204527e-01
1.002263238432915982e+00 3.433614946282860791e-01
1.002097170735538612e+00 3.592782140445746064e-01
1.001930919933916364e+00 3.321016642532296226e-01
1.001764502854346928e+00 3.678974821777611925e-01
1.001597936323279869e+00 3.308376093890459946e-01
1.001431237165574695e+00 3.628106546247636954e-01
1.001264422202762905e+00 3.410332840918104402e-01
1.001097508251320267e+00 3.476728725375917706e-01
1.000930512120943527e+00 3.575600741012925909e-01
1.000763450612836891e+00 3.340526279846175450e-01
1.000596340518003835e+00 3.685064454390304944e-01
1.000429198615549353e+00 3.314751589383850838e-01
1.000262041670987534e+00 3.637838873646371263e-01
1.000094886434558683e+00 3.423571879234214022e-01
9.999277496395548859e-01 3.473412192348009353e-01
9.997606480006528962e-01 3.601377667125078563e-01
9.995935982122566843e-01 3.336401151956186473e-01
9.994266169468483119e-01 3.697459391984582733e-01
9.992597208533470221e-01 3.336098802824968845e-01
9.990929265554786554e-01 3.609429739157877792e-01
9.989262506501529471e-01 3.482093217893405535e-01
9.987597097058508178e-01 3.426226426829687144e-01
9.985933202610211001e-01 3.661769833626056236e-01
9.984270988224858145e-01 3.324610027408478885e-01
9.982610618638571021e-01 3.689485539967623517e-01
9.980952258239610408e-01 3.395690166683850153e-01
9.979296071052746742e-01 3.528062273503217439e-01
9.977642220723702549e-01 3.590050315628762201e-01
9.975990870503707031e-01 3.359051269011212870e-01
9.974342183234164994e-01 3.712054105671327431e-01
9.972696321331397940e-01 3.353440795114695505e-01
9.971053446771523943e-01 3.608068798933521393e-01
9.969413721075423007e-01 3.526125659311328819e-01
9.967777305293802348e-01 3.407338152998427017e-01
9.966144359992398227e-01 3.704249241446489482e-01
9.964515045237249957e-01 3.341631651255682622e-01
9.962889520580106018e-01 3.658248442496946917e-01
9.961267945043926764e-01 3.485700811659943055e-01
9.959650477108514810e-01 3.448115611599986696e-01
9.958037274696233121e-01 3.691745901639862382e-01
9.956428495157850778e-01 3.343947139384728096e-01
9.954824295258499767e-01 3.684438550936701140e-01
9.953224831163732800e-01 3.469490696989461775e-01
9.951630258425718800e-01 3.471109891407626047e-01
9.950040731969521657e-01 3.688925905450209930e-01
9.948456406079517755e-01 3.349740821531378976e-01
9.946877434385921202e-01 3.693618775298813106e-01
9.945303969851421177e-01 3.475040975104368712e-01
9.943736164757939200e-01 3.473157076345251837e-01
9.942174170693506285e-01 3.700359298723390200e-01
9.940618138539242254e-01 3.355838546449726456e-01
9.939068218456483805e-01 3.687472367134289608e-01
9.937524559873984753e-01 3.501928753906953795e-01
9.935987311475281691e-01 3.455247361849686505e-01
9.934456621186144032e-01 3.722988326837811668e-01
9.932932636162155049e-01 3.366417023826954735e-01
9.931415502776422821e-01 3.661633388610981976e-01
9.929905366607385542e-01 3.551754710220316746e-01
9.928402372426754496e-01 3.422885460223571985e-01
9.926906664187578055e-01 3.745500698153542141e-01
9.925418385012411138e-01 3.392214639724583924e-01
9.923937677181616790e-01 3.609629643578254887e-01
9.922464682121783230e-01 3.623549140771171184e-01
9.920999540394263017e-01 3.388929442941969739e-01
9.919542391683825455e-01 3.747102916816963392e-01
9.918093374787438909e-01 3.447802688502904500e-01
9.916652627603166348e-01 3.531687994689893251e-01
9.915220287119187459e-01 3.704395332242430006e-01
9.913796489402927348e-01 3.375594572747095401e-01
9.912381369590324010e-01 3.702870909816688427e-01
9.910975061875202385e-01 3.543393949453732539e-01
9.909577699498770542e-01 3.445431239309826310e-01
9.908189414739241307e-01 3.759527512102479596e-01
9.906810338901566038e-01 3.411116990136098259e-01
9.905440602307296061e-01 3.603083712697925933e-01
9.904080334284549592e-01 3.666817088635633826e-01
9.902729663158119644e-01 3.389267441333678743e-01
9.901388716239679644e-01 3.739315087947915894e-01
9.900057619818116716e-01 3.515701173860807938e-01
9.898736499149990431e-01 3.477911391851316036e-01
9.897425478450095904e-01 3.761789351446829244e-01
9.896124680882153468e-01 3.410328872096454744e-01
9.894834228549619359e-01 3.623409273248602291e-01
9.893554242486598538e-01 3.669212287323532773e-01
9.892284842648900733e-01 3.397165691045130886e-01
9.891026147905185306e-01 3.743897270670714095e-01
9.889778276028240445e-01 3.534773651941792716e-01
9.888541343686375606e-01 3.471266496304726279e-01
9.887315466434921651e-01 3.775262181325238497e-01
9.886100758707865310e-01 3.432747783514230044e-01
9.884897333809569142e-01 3.595554796326038138e-01
9.883705303906643591e-01 3.712071327002038346e-01
9.882524780019891208e-01 3.399152338034232557e-01
9.881355872016412967e-01 3.715262454142811421e-01
9.880198688601781187e-01 3.599432295557021821e-01
9.879053337312357908e-01 3.436042988072406934e-01
9.877919924507713167e-01 3.780763745958903299e-01
9.876798555363158760e-01 3.491883270739711276e-01
9.875689333862395225e-01 3.524816549530714882e-01
9.874592362790263200e-01 3.771861831325276082e-01
9.873507743725614683e-01 3.424454249346747803e-01
9.872435577034293086e-01 3.634584682058417671e-01
9.871375961862214332e-01 3.703031676511314707e-01
9.870328996128580057e-01 3.409025356048851485e-01
9.869294776519168533e-01 3.730752419019953137e-01
9.868273398479764369e-01 3.607472939448489457e-01
9.867264956209673699e-01 3.441900014333093005e-01
9.866269542655363711e-01 3.786441788396300301e-01
9.865287249504200995e-01 3.517094329236567507e-01
9.864318167178298680e-01 3.510507315031092812e-01
9.863362384828466833e-01 3.791248678776161229e-01
9.862419990328280539e-01 3.452101827370801512e-01
9.861491070268235681e-01 3.597365078739430122e-01
9.860575709950023526e-01 3.751739752000258221e-01
9.859673993380909662e-01 3.420588459454453889e-01
9.858786003268196207e-01 3.683547101948368985e-01
9.857911821013832787e-01 3.684702775816804943e-01
9.857051526709068590e-01 3.422296510132627478e-01
9.856205199129265404e-01 3.752646178130878973e-01
9.855372915728778382e-01 3.608710150315574960e-01
9.854554752635946713e-01 3.452223523172108233e-01
9.853750784648187544e-01 3.794167985978204594e-01
9.852961085227189830e-01 3.538486624082191612e-01
9.852185726494210316e-01 3.502890934197243622e-01
9.851424779225457229e-01 3.804912941588810549e-01
9.850678312847598317e-01 3.483069402672852033e-01
9.849946395433339941e-01 3.565714139937385951e-01
9.849229093697123849e-01 3.788014090907689813e-01
9.848526472990907221e-01 3.446463570540101995e-01
9.847838597300058172e-01 3.632070238504437887e-01
9.847165529239327864e-01 3.750511566230774196e-01
9.846507330048938078e-01 3.429172933693293013e-01
9.845864059590748729e-01 3.694277142210032894e-01
9.845235776344531953e-01 3.700727281693256820e-01
9.844622537404339457e-01 3.429624734805023500e-01
9.844024398474956472e-01 3.746384449985309395e-01
9.843441413868470047e-01 3.646316808898834583e-01
9.842873636500898415e-01 3.445167769810424940e-01
9.842321117888954696e-01 3.784608238128319146e-01
9.841783908146870541e-01 3.593261190360656498e-01
9.841262055983329704e-01 3.472680016293882010e-01
9.840755608698488199e-01 3.807345662027364908e-01
9.840264612181082171e-01 3.545632174828493022e-01
9.839789110905649006e-01 3.508922515263779851e-01
9.839329147929807284e-01 3.814843524103128103e-01
9.838884764891661083e-01 3.505815770239557039e-01
9.838456002007263113e-01 3.550754531490680765e-01
9.838042898068192210e-01 3.808675739934672677e-01
9.837645490439216323e-01 3.474916961370213553e-01
9.837263815056037641e-01 3.595274712415184593e-01
9.836897906423127669e-01 3.791188298546505075e-01
9.836547797611665533e-01 3.453171411810151969e-01
9.836213520257550691e-01 3.639914561996892561e-01
9.835895104559500002e-01 3.765023858203507268e-01
9.835592579277262493e-01 3.440283829375815339e-01
9.835305971729884078e-01 3.682491849856196486e-01
9.835035307794088855e-01 3.732778493822594967e-01
9.834780611902730341e-01 3.435672890279752312e-01
9.834541907043350406e-01 3.721227164068267035e-01
9.834319214756799266e-01 3.696795186021033519e-01
9.834112555135963163e-01 3.438631935320891619e-01
9.833921946824575322e-01 3.754729035055016650e-01
9.833747407016106834e-01 3.659070969900409809e-01
9.833588951452747473e-01 3.448424075093717844e-01
9.833446594424486431e-01 3.781956410846086247e-01
9.833320348768245234e-01 3.621244854908798327e-01
9.833210225867140553e-01 3.464329802910069422e-01
9.833116235649801418e-01 3.802169132686457065e-01
9.833038386589785240e-01 3.584635173813393028e-01
9.832976685705077102e-01 3.485661048927011230e-01
9.832931138557676753e-01 3.814876926805275126e-01
9.832901749253271095e-01 3.550301716703873067e-01
9.832888520440992153e-01 3.511751047276209792e-01
