1.000000000000000056e-01 4.899829694793102486e-01
1.017118699371902663e-01 4.899099697845969437e-01
1.034530448611991338e-01 4.898356948671117039e-01
1.052240264352859583e-01 4.897601220215291873e-01
1.070253249105327931e-01 4.896832281240322549e-01
1.088574592728564217e-01 4.896049896241589927e-01
1.107209573925375945e-01 4.895253825364521139e-01
1.126163561763097315e-01 4.894443824319426040e-01
1.145442017220510977e-01 4.893619644294443516e-01
1.165050494761254996e-01 4.892781031866806352e-01
1.184994643934159375e-01 4.891927728911963924e-01
1.205280211000983592e-01 4.891059472510935757e-01
1.225913040592012809e-01 4.890175994855660568e-01
1.246899077390003080e-01 4.889277023152165946e-01
1.268244367842945308e-01 4.888362279521900611e-01
1.289955061906157552e-01 4.887431480900664704e-01
1.312037414814193614e-01 4.886484338935661031e-01
1.334497788883086122e-01 4.885520559879912850e-01
1.357342655343445059e-01 4.884539844484824256e-01
1.380578596204929676e-01 4.883541887890161526e-01
1.404212306152645418e-01 4.882526379511553660e-01
1.428250594475999058e-01 4.881493002925783586e-01
1.452700387030574913e-01 4.880441435753476997e-01
1.477568728233598638e-01 4.879371349539038949e-01
1.502862783093554255e-01 4.878282409628247329e-01
1.528589839274553941e-01 4.877174275042998053e-01
1.554757309196040382e-01 4.876046598353233064e-01
1.581372732168436213e-01 4.874899025546209907e-01
1.608443776565352257e-01 4.873731195892736512e-01
1.635978242032982422e-01 4.872542741810514388e-01
1.663984061737319164e-01 4.871333288724448707e-01
1.692469304649838191e-01 4.870102454923841973e-01
1.721442177872312407e-01 4.868849851416371388e-01
1.750911029001421815e-01 4.867575081778943158e-01
1.780884348533846029e-01 4.866277742005042373e-01
1.811370772312524413e-01 4.864957420348834383e-01
1.842379084014793833e-01 4.863613697165637961e-01
1.873918217683125109e-01 4.862246144748933463e-01
1.905997260299174267e-01 4.860854327163688926e-01
1.938625454401906034e-01 4.859437800075890879e-01
1.971812200750530930e-01 4.857996110578285953e-01
2.005567061033029785e-01 4.856528797012208409e-01
2.039899760621044777e-01 4.855035388785391981e-01
2.074820191371932743e-01 4.853515406185581749e-01
2.110338414478782620e-01 4.851968360190128116e-01
2.146464663369223314e-01 4.850393752271084935e-01
2.183209346653853800e-01 4.848791074195985540e-01
2.220583051125149254e-01 4.847159807824136801e-01
2.258596544807703332e-01 4.845499424898253027e-01
2.297260780060684515e-01 4.843809386831389174e-01
2.336586896733406915e-01 4.842089144489075125e-01
2.376586225374913708e-01 4.840338137966367915e-01
2.417270290498511887e-01 4.838555796360141659e-01
2.458650813902187870e-01 4.836741537535899638e-01
2.500739718045864035e-01 4.834894767889452716e-01
2.543549129486468163e-01 4.833014882103223164e-01
2.587091382371812243e-01 4.831101262896928539e-01
2.631379021994275647e-01 4.829153280772730539e-01
2.676424808405327149e-01 4.827170293754464159e-01
2.722241720091920780e-01 4.825151647121107001e-01
2.768842957715826891e-01 4.823096673134175671e-01
2.816241947916973687e-01 4.821004690758871059e-01
2.864452347181906111e-01 4.818875005379172904e-01
2.913488045778454549e-01 4.816706908506214191e-01
2.963363171757769088e-01 4.814499677480246209e-01
3.014092095024858975e-01 4.812252575166044988e-01
3.065689431478818006e-01 4.809964849641160667e-01
3.118170047223923769e-01 4.807635733877518858e-01
3.171549062852822565e-01 4.805264445415705632e-01
3.225841857803039558e-01 4.802850186032135982e-01
3.281064074788070939e-01 4.800392141398742707e-01
3.337231624304318189e-01 4.797889480735097467e-01
3.394360689215190630e-01 4.795341356453154402e-01
3.452467729413670749e-01 4.792746903793714264e-01
3.511569486564699027e-01 4.790105240455375113e-01
3.571682988928747693e-01 4.787415466215146909e-01
3.632825556267957889e-01 4.784676662540942038e-01
3.695014804836274647e-01 4.781887892195678114e-01
3.758268652454997416e-01 4.779048198832898109e-01
3.822605323675220546e-01 4.776156606583808473e-01
3.888043355028652504e-01 4.773212119635538708e-01
3.954601600368312098e-01 4.770213721800412587e-01
4.022299236300663772e-01 4.767160376076574058e-01
4.091155767710728530e-01 4.764051024199116857e-01
4.161191033381794191e-01 4.760884586182273503e-01
4.232425211711315916e-01 4.757659959852132414e-01
4.304878826524663471e-01 4.754376020370192357e-01
4.378572752988409977e-01 4.751031619747069223e-01
4.453528223624823035e-01 4.747625586347029025e-01
4.529766834429341249e-01 4.744156724382612711e-01
4.607310551092752560e-01 4.740623813399728603e-01
4.686181715329905129e-01 4.737025607753019840e-01
4.766403051316746020e-01 4.733360836071401900e-01
4.847997672237557287e-01 4.729628200713981157e-01
4.930989086944277955e-01 4.725826377216145735e-01
5.015401206729810379e-01 4.721954013725918053e-01
5.101258352217296066e-01 4.718009730430810511e-01
5.188585260367313268e-01 4.713992118974840162e-01
5.277407091605026412e-01 4.709899741866218625e-01
5.367749437069362362e-01 4.705731131875677264e-01
5.459638325986252427e-01 4.701484791425454834e-01
5.553100233168131172e-01 4.697159191969365044e-01
5.648162086641779212e-01 4.692752773364011198e-01
5.744851275406778202e-01 4.688263943231417707e-01
5.843195657326760717e-01 4.683691076313480361e-01
5.943223567155744291e-01 4.679032513818509598e-01
6.044963824701893307e-01 4.674286562760189279e-01
6.148445743130991348e-01 4.669451495289509424e-01
6.253699137412107589e-01 4.664525548020244106e-01
6.360754332907793129e-01 4.659506921348297581e-01
6.469642174111369659e-01 4.654393778765763545e-01
6.580394033533766285e-01 4.649184246170319779e-01
6.693041820742493542e-01 4.643876411170690943e-01
6.807617991555359183e-01 4.638468322389243115e-01
6.924155557391551419e-01 4.632957988762333446e-01
7.042688094782828534e-01 4.627343378839717802e-01
7.163249755047493839e-01 4.621622420084109950e-01
7.285875274130008128e-01 4.615792998172055794e-01
7.410599982609020753e-01 4.609852956297606497e-01
7.537459815876732527e-01 4.603800094480161031e-01
7.666491324492525905e-01 4.597632168878315606e-01
7.797731684713813394e-01 4.591346891111199868e-01
7.931218709207189521e-01 4.584941927589498700e-01
8.066990857942919479e-01 4.578414898858152449e-01
8.205087249275933026e-01 4.571763378952838353e-01
8.345547671216521080e-01 4.564984894772978752e-01
8.488412592893960218e-01 4.558076925473744101e-01
8.633723176216387962e-01 4.551036901879834673e-01
8.781521287730265080e-01 4.543862205924261710e-01
8.931849510682883242e-01 4.536550170115487557e-01
9.084751157291341972e-01 4.529098077036162739e-01
9.240270281221558690e-01 4.521503158877834827e-01
9.398451690280920090e-01 4.513762597015106848e-01
9.559340959328189724e-01 4.505873521624177980e-01
9.722984443404447674e-01 4.497833011350234056e-01
9.889429291088775997e-01 4.489638093028766042e-01
1.005872345808261681e+00 4.481285741466298767e-01
1.023091572102663882e+00 4.472772879286170955e-01
1.040605569155416577e+00 4.464096376845692604e-01
1.058419383058516017e+00 4.455253052231122335e-01
1.076538146286490027e+00 4.446239671337470778e-01
1.094967079175153790e+00 4.437052948040593470e-01
1.113711491425683819e+00 4.427689544469494698e-01
1.132776783634433349e+00 4.418146071387069052e-01
1.152168448848942317e+00 4.408419088688410592e-01
1.171892074150579388e+00 4.398505106025902278e-01
1.191953342264278737e+00 4.388400583571033797e-01
1.212358033195835461e+00 4.378101932923601503e-01
1.233112025897226349e+00 4.367605518179166757e-01
1.254221299960438740e+00 4.356907657166572689e-01
1.275691937340299287e+00 4.346004622867710721e-01
1.297530124106788030e+00 4.334892645032492609e-01
1.319742152227359799e+00 4.323567912002345692e-01
1.342334421379767884e+00 4.312026572756563203e-01
1.365313440795925093e+00 4.300264739196097974e-01
1.388685831137329352e+00 4.288278488680280498e-01
1.412458326402590059e+00 4.276063866832308102e-01
1.436637775867616984e+00 4.263616890630267942e-01
1.461231146059013719e+00 4.250933551800708532e-01
1.486245522761259652e+00 4.238009820532644412e-01
1.511688113058246019e+00 4.224841649530116094e-01
1.537566247409769105e+00 4.211424978422187992e-01
1.563887381763561457e+00 4.197755738549457383e-01
1.590659099703483959e+00 4.183829858146678737e-01
1.617889114634490255e+00 4.169643267941342546e-01
1.645585272004991939e+00 4.155191907188303668e-01
1.673755551567276179e+00 4.140471730160485975e-01
1.702408069676609514e+00 4.125478713115933171e-01
1.731551081629704614e+00 4.110208861761242560e-01
1.761192984043217447e+00 4.094658219230870033e-01
1.791342317272957674e+00 4.078822874601787385e-01
1.822007767874521011e+00 4.062698971961904437e-01
1.853198171106036352e+00 4.046282720050083936e-01
1.884922513473760608e+00 4.029570402484137781e-01
1.917189935321250038e+00 4.012558388592313841e-01
1.950009733462852335e+00 3.995243144861648221e-01
1.983391363862286871e+00 3.977621247014882511e-01
2.017344444357073385e+00 3.959689392725317392e-01
2.051878757429601574e+00 3.941444414976303379e-01
2.087004253025632305e+00 3.922883296068999659e-01
2.122731051421060222e+00 3.904003182278753536e-01
2.159069446137740655e+00 3.884801399156559421e-01
2.196029906909233276e+00 3.865275467467471082e-01
2.233623082697320683e+00 3.845423119753744179e-01
2.271859804760159030e+00 3.825242317504534140e-01
2.310751089772957734e+00 3.804731268908693176e-01
2.350308143002077799e+00 3.783888447160992929e-01
2.390542361533465332e+00 3.762712609285067678e-01
2.431465337556356410e+00 3.741202815429708339e-01
2.473088861703185426e+00 3.719358448587066213e-01
2.515424926446683251e+00 3.697179234673315107e-01
2.558485729555114663e+00 3.674665262904179275e-01
2.602283677606672008e+00 3.651817006388243803e-01
2.646831389564031412e+00 3.628635342852506440e-01
2.692141700410093375e+00 3.605121575404581780e-01
2.738227664845977127e+00 3.581277453226950902e-01
2.785102561052302583e+00 3.557105192088606538e-01
2.832779894514874552e+00 3.532607494550169536e-01
2.881273401915845245e+00 3.507787569729059474e-01
2.930597055091502146e+00 3.482649152482145127e-01
2.980765065057796814e+00 3.457196521854839499e-01
3.031791886104791445e+00 3.431434518637535014e-01
3.083692219961194692e+00 3.405368561863007515e-01
3.136481020030185807e+00 3.379004664072511877e-01
3.190173495697761208e+00 3.352349445172800868e-01
3.244785116714823392e+00 3.325410144703287441e-01
3.300331617654288952e+00 3.298194632329702336e-01
3.356829002444499555e+00 3.270711416381092973e-01
3.414293548980231296e+00 3.242969650247869429e-01
3.472741813812650680e+00 3.214979136462990383e-01
3.532190636919545490e+00 3.186750328293676549e-01
3.592657146557222791e+00 3.158294328680042451e-01
3.654158764195453823e+00 3.129622886367421919e-01
3.716713209536919305e+00 3.100748389092757851e-01
3.780338505622561573e+00 3.071683853701396294e-01
3.845052984024341924e+00 3.042442913089175582e-01
3.910875290126894388e+00 3.013039799885729453e-01
3.977824388499579644e+00 2.983489326818361542e-01
4.045919568360526242e+00 2.953806863721695208e-01
4.115180449134189011e+00 2.924008311185733455e-01
4.185626986104049152e+00 2.894110070864689965e-01
4.257279476162089793e+00 2.864129012499544991e-01
4.330158563656679505e+00 2.834082437739482430e-01
4.404285246340588600e+00 2.803988040879600296e-01
4.479680881420799565e+00 2.773863866665315925e-01
4.556367191711902187e+00 2.743728265346083717e-01
4.634366271894821310e+00 2.713599845192836146e-01
4.713700594882674899e+00 2.683497422723770676e-01
4.794393018295630249e+00 2.653439970911806167e-01
4.876466791046582649e+00 2.623446565672916120e-01
4.959945560039578538e+00 2.593536330958251535e-01
5.044853376982899817e+00 2.563728382792984095e-01
5.131214705318798863e+00 2.534041772621279387e-01
5.219054427271837326e+00 2.504495430329541361e-01
5.308397851017901736e+00 2.475108107328263807e-01
5.399270717975934275e+00 2.445898320076898280e-01
5.491699210224481931e+00 2.416884294435345804e-01
5.585709958045230294e+00 2.388083911220602873e-01
5.681330047595650079e+00 2.359514653337310142e-01
5.778587028712998119e+00 2.331193554836847592e-01
5.877508922851915507e+00 2.303137152241264418e-01
5.978124231157893043e+00 2.275361438446167062e-01
6.080461942678972775e+00 2.247881819490947231e-01
6.184551542717989570e+00 2.220713074455953340e-01
6.290423021327815611e+00 2.193869318714568861e-01
6.398106881952026370e+00 2.167363970734733636e-01
6.507634150213465141e+00 2.141209722589134390e-01
6.619036382853296985e+00 2.115418514297030539e-01
6.732345676823048741e+00 2.090001512083907442e-01
6.847594678532314738e+00 2.064969090608611835e-01
6.964816593254750998e+00 2.040330819171213561e-01
7.084045194695118397e+00 2.016095451879993394e-01
7.205314834720076611e+00 1.992270921722343324e-01
7.328660453255560370e+00 1.968864338452636364e-01
7.454117588353598833e+00 1.945881990181000665e-01
7.581722386431436256e+00 1.923329348519775273e-01
7.711511612685980843e+00 1.901211077120930903e-01
7.843522661686488817e+00 1.879531043416291236e-01
7.977793568148606518e+00 1.858292333354809867e-01
8.114363017892845420e+00 1.837497268916280790e-01
8.253270358990638655e+00 1.817147428169386680e-01
8.394555613101235991e+00 1.797243667633378339e-01
8.538259487002633819e+00 1.777786146697463154e-01
8.684423384319927663e+00 1.758774353849197059e-01
8.833089417454427661e+00 1.740207134463499505e-01
8.984300419716966246e+00 1.722082719906480597e-01
9.138099957668959661e+00 1.704398757713226908e-01
9.294532343674692498e+00 1.687152342605804656e-01
9.453642648668489912e+00 1.670340048126360277e-01
9.615476715140443886e+00 1.653957958670746187e-01
9.780081170344464780e+00 1.638001701719671022e-01
9.947503439732397368e+00 1.622466480077003337e-01
1.011779176061815022e+01 1.607347103938542576e-01
1.029099519607568070e+01 1.592638022628429517e-01
1.046716364907500108e+01 1.578333355855036091e-01
1.064634787686003037e+01 1.564426924352534665e-01
1.082859950557268647e+01 1.550912279789153636e-01
1.101397104512732561e+01 1.537782733837321780e-01
1.120251590433969646e+01 1.525031386315117699e-01
1.139428840631505224e+01 1.512651152321966008e-01
1.158934380409952247e+01 1.500634788304594236e-01
1.178773829659951922e+01 1.488974917001752440e-01
1.198952904477367731e+01 1.477664051227808029e-01
1.219477418810184766e+01 1.466694616466374668e-01
1.240353286133620792e+01 1.456058972255222239e-01
1.261586521153894580e+01 1.445749432353090336e-01
1.283183241541172137e+01 1.435758283687565418e-01
1.305149669692179693e+01 1.426077804090807033e-01
1.327492134522977629e+01 1.416700278836864613e-01
1.350217073292442649e+01 1.407618016000354300e-01
1.373331033456947026e+01 1.398823360661618220e-01
1.396840674556800188e+01 1.390308707988116288e-01
1.420752770134984644e+01 1.382066515225570946e-01
1.445074209688722711e+01 1.374089312635847215e-01
1.469812000654474637e+01 1.366369713420933774e-01
1.494973270426894274e+01 1.358900422674706177e-01
1.520565268412361704e+01 1.351674245405476149e-01
1.546595368117670333e+01 1.344684093673644831e-01
1.573071069274453038e+01 1.337922992889173379e-01
1.600000000000000000e+01 1.331384087314109455e-01
