1.000000000000000056e-01 4.896999433122294909e-01
1.017118699371902663e-01 4.896268244286141602e-01
1.034530448611991338e-01 4.895524282399859040e-01
1.052240264352859583e-01 4.894767320039403735e-01
1.070253249105327931e-01 4.893997125588975816e-01
1.088574592728564217e-01 4.893213463159361010e-01
1.107209573925375945e-01 4.892416092504284220e-01
1.126163561763097315e-01 4.891604768935110537e-01
1.145442017220510977e-01 4.890779243233645546e-01
1.165050494761254996e-01 4.889939261563255313e-01
1.184994643934159375e-01 4.889084565377845859e-01
1.205280211000983592e-01 4.888214891329059064e-01
1.225913040592012809e-01 4.887329971171469611e-01
1.246899077390003080e-01 4.886429531665597015e-01
1.268244367842945308e-01 4.885513294479076341e-01
1.289955061906157552e-01 4.884580976085421411e-01
1.312037414814193614e-01 4.883632287660910620e-01
1.334497788883086122e-01 4.882666934978830975e-01
1.357342655343445059e-01 4.881684618301861400e-01
1.380578596204929676e-01 4.880685032271878110e-01
1.404212306152645418e-01 4.879667865797266413e-01
1.428250594475999058e-01 4.878632801938027619e-01
1.452700387030574913e-01 4.877579517788276919e-01
1.477568728233598638e-01 4.876507684355980143e-01
1.502862783093554255e-01 4.875416966440351829e-01
1.528589839274553941e-01 4.874307022506390030e-01
1.554757309196040382e-01 4.873177504556600037e-01
1.581372732168436213e-01 4.872028058000048567e-01
1.608443776565352257e-01 4.870858321518379275e-01
1.635978242032982422e-01 4.869667926928932800e-01
1.663984061737319164e-01 4.868456499044828689e-01
1.692469304649838191e-01 4.867223655531926485e-01
1.721442177872312407e-01 4.865969006762563831e-01
1.750911029001421815e-01 4.864692155666164863e-01
1.780884348533846029e-01 4.863392697576344736e-01
1.811370772312524413e-01 4.862070220074752314e-01
1.842379084014793833e-01 4.860724302831285759e-01
1.873918217683125109e-01 4.859354517440831467e-01
1.905997260299174267e-01 4.857960427256319824e-01
1.938625454401906034e-01 4.856541587217975131e-01
1.971812200750530930e-01 4.855097543678775218e-01
2.005567061033029785e-01 4.853627834225985871e-01
2.039899760621044777e-01 4.852131987498675136e-01
2.074820191371932743e-01 4.850609523001019330e-01
2.110338414478782620e-01 4.849059950911588923e-01
2.146464663369223314e-01 4.847482771888124709e-01
2.183209346653853800e-01 4.845877476867990752e-01
2.220583051125149254e-01 4.844243546864132055e-01
2.258596544807703332e-01 4.842580452756372611e-01
2.297260780060684515e-01 4.840887655077996121e-01
2.336586896733406915e-01 4.839164603797525555e-01
2.376586225374913708e-01 4.837410738095410667e-01
2.417270290498511887e-01 4.835625486135947115e-01
2.458650813902187870e-01 4.833808264833705515e-01
2.500739718045864035e-01 4.831958479614820168e-01
2.543549129486468163e-01 4.830075524172895429e-01
2.587091382371812243e-01 4.828158780219283241e-01
2.631379021994275647e-01 4.826207617227810109e-01
2.676424808405327149e-01 4.824221392173586587e-01
2.722241720091920780e-01 4.822199449266036386e-01
2.768842957715826891e-01 4.820141119675848684e-01
2.816241947916973687e-01 4.818045721255667102e-01
2.864452347181906111e-01 4.815912558254717979e-01
2.913488045778454549e-01 4.813740921026709030e-01
2.963363171757769088e-01 4.811530085731306472e-01
3.014092095024858975e-01 4.809279314029041852e-01
3.065689431478818006e-01 4.806987852769055714e-01
3.118170047223923769e-01 4.804654933670173267e-01
3.171549062852822565e-01 4.802279772994662577e-01
3.225841857803039558e-01 4.799861571214852352e-01
3.281064074788070939e-01 4.797399512672269051e-01
3.337231624304318189e-01 4.794892765229186726e-01
3.394360689215190630e-01 4.792340479912792217e-01
3.452467729413670749e-01 4.789741790551050316e-01
3.511569486564699027e-01 4.787095813401054945e-01
3.571682988928747693e-01 4.784401646769014804e-01
3.632825556267957889e-01 4.781658370622116072e-01
3.695014804836274647e-01 4.778865046191976829e-01
3.758268652454997416e-01 4.776020715569603281e-01
3.822605323675220546e-01 4.773124401291756747e-01
3.888043355028652504e-01 4.770175105918519898e-01
3.954601600368312098e-01 4.767171811601865206e-01
4.022299236300663772e-01 4.764113479645563087e-01
4.091155767710728530e-01 4.760999050055574333e-01
4.161191033381794191e-01 4.757827441081494690e-01
4.232425211711315916e-01 4.754597548748505931e-01
4.304878826524663471e-01 4.751308246380148703e-01
4.378572752988409977e-01 4.747958384111237717e-01
4.453528223624823035e-01 4.744546788391584280e-01
4.529766834429341249e-01 4.741072261479791217e-01
4.607310551092752560e-01 4.737533580927507093e-01
4.686181715329905129e-01 4.733929499053933232e-01
4.766403051316746020e-01 4.730258742410487494e-01
4.847997672237557287e-01 4.726520011235836316e-01
4.930989086944277955e-01 4.722711978901072971e-01
5.015401206729810379e-01 4.718833291345156389e-01
5.101258352217296066e-01 4.714882566500823158e-01
5.188585260367313268e-01 4.710858393710652958e-01
5.277407091605026412e-01 4.706759333133785361e-01
5.367749437069362362e-01 4.702583915143267457e-01
5.459638325986252427e-01 4.698330639714037305e-01
5.553100233168131172e-01 4.693997975801977862e-01
5.648162086641779212e-01 4.689584360714107447e-01
5.744851275406778202e-01 4.685088199470163750e-01
5.843195657326760717e-01 4.680507864156003839e-01
5.943223567155744291e-01 4.675841693269073285e-01
6.044963824701893307e-01 4.671087991056289135e-01
6.148445743130991348e-01 4.666245026844876853e-01
6.253699137412107589e-01 4.661311034366746875e-01
6.360754332907793129e-01 4.656284211076727186e-01
6.469642174111369659e-01 4.651162717465502916e-01
6.580394033533766285e-01 4.645944676367878001e-01
6.693041820742493542e-01 4.640628172267106666e-01
6.807617991555359183e-01 4.635211250596345534e-01
6.924155557391551419e-01 4.629691917037858651e-01
7.042688094782828534e-01 4.624068136821283259e-01
7.163249755047493839e-01 4.618337834022041011e-01
7.285875274130008128e-01 4.612498890861070899e-01
7.410599982609020753e-01 4.606549147007363287e-01
7.537459815876732527e-01 4.600486398884671702e-01
7.666491324492525905e-01 4.594308398984242037e-01
7.797731684713813394e-01 4.588012855185039651e-01
7.931218709207189521e-01 4.581597430083674816e-01
8.066990857942919479e-01 4.575059740336033798e-01
8.205087249275933026e-01 4.568397356012707800e-01
8.345547671216521080e-01 4.561607799970973653e-01
8.488412592893960218e-01 4.554688547245810959e-01
8.633723176216387962e-01 4.547637024462719002e-01
8.781521287730265080e-01 4.540450609275588634e-01
8.931849510682883242e-01 4.533126629832968102e-01
9.084751157291341972e-01 4.525662364275985783e-01
9.240270281221558690e-01 4.518055040272299649e-01
9.398451690280920090e-01 4.510301834589560688e-01
9.559340959328189724e-01 4.502399872713334639e-01
9.722984443404447674e-01 4.494346228513949049e-01
9.889429291088775997e-01 4.486137923967363217e-01
1.005872345808261681e+00 4.477771928935538326e-01
1.023091572102663882e+00 4.469245161011972112e-01
1.040605569155416577e+00 4.460554485438722461e-01
1.058419383058516017e+00 4.451696715101385315e-01
1.076538146286490027e+00 4.442668610609027957e-01
1.094967079175153790e+00 4.433466880466575555e-01
1.113711491425683819e+00 4.424088181347561322e-01
1.132776783634433349e+00 4.414529118475498670e-01
1.152168448848942317e+00 4.404786246123014171e-01
1.171892074150579388e+00 4.394856068237964486e-01
1.191953342264278737e+00 4.384735039206510421e-01
1.212358033195835461e+00 4.374419564763808999e-01
1.233112025897226349e+00 4.363906003063232619e-01
1.254221299960438740e+00 4.353190665915914193e-01
1.275691937340299287e+00 4.342269820212850684e-01
1.297530124106788030e+00 4.331139689542525817e-01
1.319742152227359799e+00 4.319796456017401809e-01
1.342334421379767884e+00 4.308236262323628107e-01
1.365313440795925093e+00 4.296455214008585433e-01
1.388685831137329352e+00 4.284449382021768837e-01
1.412458326402590059e+00 4.272214805524879866e-01
1.436637775867616984e+00 4.259747494987923822e-01
1.461231146059013719e+00 4.247043435588350735e-01
1.486245522761259652e+00 4.234098590931150707e-01
1.511688113058246019e+00 4.220908907108069097e-01
1.537566247409769105e+00 4.207470317114833103e-01
1.563887381763561457e+00 4.193778745645518891e-01
1.590659099703483959e+00 4.179830114283673015e-01
1.617889114634490255e+00 4.165620347110078892e-01
1.645585272004991939e+00 4.151145376747280014e-01
1.673755551567276179e+00 4.136401150860933296e-01
1.702408069676609514e+00 4.121383639138287425e-01
1.731551081629704614e+00 4.106088840763855163e-01
1.761192984043217447e+00 4.090512792411805654e-01
1.791342317272957674e+00 4.074651576774586115e-01
1.822007767874521011e+00 4.058501331646215959e-01
1.853198171106036352e+00 4.042058259578109602e-01
1.884922513473760608e+00 4.025318638123845938e-01
1.917189935321250038e+00 4.008278830688418171e-01
1.950009733462852335e+00 3.990935297995357178e-01
1.983391363862286871e+00 3.973284610183454024e-01
2.017344444357073385e+00 3.955323459542461340e-01
2.051878757429601574e+00 3.937048673894492645e-01
2.087004253025632305e+00 3.918457230624747267e-01
2.122731051421060222e+00 3.899546271361924998e-01
2.159069446137740655e+00 3.880313117304770576e-01
2.196029906909233276e+00 3.860755285186624475e-01
2.233623082697320683e+00 3.840870503865719821e-01
2.271859804760159030e+00 3.820656731523034422e-01
2.310751089772957734e+00 3.800112173444195607e-01
2.350308143002077799e+00 3.779235300355719418e-01
2.390542361533465332e+00 3.758024867278815240e-01
2.431465337556356410e+00 3.736479932857318387e-01
2.473088861703185426e+00 3.714599879108230196e-01
2.515424926446683251e+00 3.692384431535296607e-01
2.558485729555114663e+00 3.669833679537951587e-01
2.602283677606672008e+00 3.646948097038391623e-01
2.646831389564031412e+00 3.623728563241110368e-01
2.692141700410093375e+00 3.600176383429148363e-01
2.738227664845977127e+00 3.576293309692272770e-01
2.785102561052302583e+00 3.552081561472260618e-01
2.832779894514874552e+00 3.527543845801143219e-01
2.881273401915845245e+00 3.502683377098791406e-01
2.930597055091502146e+00 3.477503896387023063e-01
2.980765065057796814e+00 3.452009689768951173e-01
3.031791886104791445e+00 3.426205606014217642e-01
3.083692219961194692e+00 3.400097073083449550e-01
3.136481020030185807e+00 3.373690113419399172e-01
3.190173495697761208e+00 3.346991357826694657e-01
3.244785116714823392e+00 3.320008057759127329e-01
3.300331617654288952e+00 3.292748095830534405e-01
3.356829002444499555e+00 3.265219994365806122e-01
3.414293548980231296e+00 3.237432921809449970e-01
3.472741813812650680e+00 3.209396696813481831e-01
3.532190636919545490e+00 3.181121789831782842e-01
3.592657146557222791e+00 3.152619322057009232e-01
3.654158764195453823e+00 3.123901061546613955e-01
3.716713209536919305e+00 3.094979416398091487e-01
3.780338505622561573e+00 3.065867424849608169e-01
3.845052984024341924e+00 3.036578742200716774e-01
3.910875290126894388e+00 3.007127624468950433e-01
3.977824388499579644e+00 2.977528908721547851e-01
4.045919568360526242e+00 2.947797990047455463e-01
4.115180449134189011e+00 2.917950795162231881e-01
4.185626986104049152e+00 2.888003752668253932e-01
4.257279476162089793e+00 2.857973760023259646e-01
4.330158563656679505e+00 2.827878147302532730e-01
4.404285246340588600e+00 2.797734637872296148e-01
4.479680881420799565e+00 2.767561306125010390e-01
4.556367191711902187e+00 2.737376532459462330e-01
4.634366271894821310e+00 2.707198955720430122e-01
4.713700594882674899e+00 2.677047423342939214e-01
4.794393018295630249e+00 2.646940939474876631e-01
4.876466791046582649e+00 2.616898611377670436e-01
4.959945560039578538e+00 2.586939594428470102e-01
5.044853376982899817e+00 2.557083036067324122e-01
5.131214705318798863e+00 2.527348019049346917e-01
5.219054427271837326e+00 2.497753504374639610e-01
5.308397851017901736e+00 2.468318274276905533e-01
5.399270717975934275e+00 2.439060875655818250e-01
5.491699210224481931e+00 2.409999564337366451e-01
5.585709958045230294e+00 2.381152250541327675e-01
5.681330047595650079e+00 2.352536445925230979e-01
5.778587028712998119e+00 2.324169212560023845e-01
5.877508922851915507e+00 2.296067114174290547e-01
5.978124231157893043e+00 2.268246169981656957e-01
6.080461942678972775e+00 2.240721811380234907e-01
6.184551542717989570e+00 2.213508841784139203e-01
6.290423021327815611e+00 2.186621399815410483e-01
6.398106881952026370e+00 2.160072926051200826e-01
6.507634150213465141e+00 2.133876133485709814e-01
6.619036382853296985e+00 2.108042981830036688e-01
6.732345676823048741e+00 2.082584655736286483e-01
6.847594678532314738e+00 2.057511546995658414e-01
6.964816593254750998e+00 2.032833240723790902e-01
7.084045194695118397e+00 2.008558505511724712e-01
7.205314834720076611e+00 1.984695287487177606e-01
7.328660453255560370e+00 1.961250708199047399e-01
7.454117588353598833e+00 1.938231066208889741e-01
7.581722386431436256e+00 1.915641842245910109e-01
7.711511612685980843e+00 1.893487707758482186e-01
7.843522661686488817e+00 1.871772536673720067e-01
7.977793568148606518e+00 1.850499420159021635e-01
8.114363017892845420e+00 1.829670684164599326e-01
8.253270358990638655e+00 1.809287909514522286e-01
8.394555613101235991e+00 1.789351954305172521e-01
8.538259487002633819e+00 1.769862978364782347e-01
8.684423384319927663e+00 1.750820469524949352e-01
8.833089417454427661e+00 1.732223271455333724e-01
8.984300419716966246e+00 1.714069612815329879e-01
9.138099957668959661e+00 1.696357137481461219e-01
9.294532343674692498e+00 1.679082935616375560e-01
9.453642648668489912e+00 1.662243575353951619e-01
9.615476715140443886e+00 1.645835134885592632e-01
9.780081170344464780e+00 1.629853234744376711e-01
9.947503439732397368e+00 1.614293070096375904e-01
1.011779176061815022e+01 1.599149442862175530e-01
1.029099519607568070e+01 1.584416793505492582e-01
1.046716364907500108e+01 1.570089232340494412e-01
1.064634787686003037e+01 1.556160570223799888e-01
1.082859950557268647e+01 1.542624348511970056e-01
1.101397104512732561e+01 1.529473868179526963e-01
1.120251590433969646e+01 1.516702218006761305e-01
1.139428840631505224e+01 1.504302301760149230e-01
1.158934380409952247e+01 1.492266864301287355e-01
1.178773829659951922e+01 1.480588516572763913e-01
1.198952904477367731e+01 1.469259759421009948e-01
1.219477418810184766e+01 1.458273006227251978e-01
1.240353286133620792e+01 1.447620604327769511e-01
1.261586521153894580e+01 1.437294855214079903e-01
1.283183241541172137e+01 1.427288033512195964e-01
1.305149669692179693e+01 1.417592404747765045e-01
1.327492134522977629e+01 1.408200241910847195e-01
1.350217073292442649e+01 1.399103840840136836e-01
1.373331033456947026e+01 1.390295534451792825e-01
1.396840674556800188e+01 1.381767705842677774e-01
1.420752770134984644e+01 1.373512800301580628e-01
1.445074209688722711e+01 1.365523336265465348e-01
1.469812000654474637e+01 1.357791915260180560e-01
1.494973270426894274e+01 1.350311230867380363e-01
1.520565268412361704e+01 1.343074076760726876e-01
1.546595368117670333e+01 1.336073353855770918e-01
1.573071069274453038e+01 1.329302076618298634e-01
1.600000000000000000e+01 1.322753378576454475e-01
