1.000000000000000056e-01 5.461853629890885964e-01
1.017118699371902663e-01 5.461362809638448113e-01
1.034530448611991338e-01 5.460863415596101111e-01
1.052240264352859583e-01 5.460355295117331753e-01
1.070253249105327931e-01 5.459838292742420496e-01
1.088574592728564217e-01 5.459312250143701917e-01
1.107209573925375945e-01 5.458777006069401860e-01
1.126163561763097315e-01 5.458232396286412103e-01
1.145442017220510977e-01 5.457678253521768275e-01
1.165050494761254996e-01 5.457114407403046430e-01
1.184994643934159375e-01 5.456540684397259700e-01
1.205280211000983592e-01 5.455956907748590323e-01
1.225913040592012809e-01 5.455362897414797185e-01
1.246899077390003080e-01 5.454758470002110116e-01
1.268244367842945308e-01 5.454143438698958457e-01
1.289955061906157552e-01 5.453517613208003212e-01
1.312037414814193614e-01 5.452880799676991241e-01
1.334497788883086122e-01 5.452232800627753173e-01
1.357342655343445059e-01 5.451573414884033353e-01
1.380578596204929676e-01 5.450902437497561204e-01
1.404212306152645418e-01 5.450219659672387307e-01
1.428250594475999058e-01 5.449524868687853907e-01
1.452700387030574913e-01 5.448817847819752425e-01
1.477568728233598638e-01 5.448098376259594700e-01
1.502862783093554255e-01 5.447366229032387652e-01
1.528589839274553941e-01 5.446621176912465057e-01
1.554757309196040382e-01 5.445862986337387524e-01
1.581372732168436213e-01 5.445091419320120529e-01
1.608443776565352257e-01 5.444306233359126335e-01
1.635978242032982422e-01 5.443507181346525226e-01
1.663984061737319164e-01 5.442694011474240590e-01
1.692469304649838191e-01 5.441866467138020136e-01
1.721442177872312407e-01 5.441024286839304391e-01
1.750911029001421815e-01 5.440167204085017971e-01
1.780884348533846029e-01 5.439294947284970538e-01
1.811370772312524413e-01 5.438407239647121694e-01
1.842379084014793833e-01 5.437503799070344535e-01
1.873918217683125109e-01 5.436584338034925468e-01
1.905997260299174267e-01 5.435648563490566021e-01
1.938625454401906034e-01 5.434696176741807827e-01
1.971812200750530930e-01 5.433726873330964047e-01
2.005567061033029785e-01 5.432740342918372933e-01
2.039899760621044777e-01 5.431736269159986863e-01
2.074820191371932743e-01 5.430714329582118083e-01
2.110338414478782620e-01 5.429674195453504382e-01
2.146464663369223314e-01 5.428615531654343851e-01
2.183209346653853800e-01 5.427537996542409759e-01
2.220583051125149254e-01 5.426441241816201133e-01
2.258596544807703332e-01 5.425324912374903663e-01
2.297260780060684515e-01 5.424188646175249762e-01
2.336586896733406915e-01 5.423032074085113452e-01
2.376586225374913708e-01 5.421854819733683550e-01
2.417270290498511887e-01 5.420656499358518232e-01
2.458650813902187870e-01 5.419436721648802635e-01
2.500739718045864035e-01 5.418195087585245817e-01
2.543549129486468163e-01 5.416931190276333963e-01
2.587091382371812243e-01 5.415644614790799949e-01
2.631379021994275647e-01 5.414334937986420293e-01
2.676424808405327149e-01 5.413001728334747575e-01
2.722241720091920780e-01 5.411644545742084755e-01
2.768842957715826891e-01 5.410262941366290601e-01
2.816241947916973687e-01 5.408856457429409570e-01
2.864452347181906111e-01 5.407424627026301556e-01
2.913488045778454549e-01 5.405966973928642005e-01
2.963363171757769088e-01 5.404483012384683205e-01
3.014092095024858975e-01 5.402972246914654608e-01
3.065689431478818006e-01 5.401434172101247100e-01
3.118170047223923769e-01 5.399868272375714096e-01
3.171549062852822565e-01 5.398274021799027711e-01
3.225841857803039558e-01 5.396650883838275403e-01
3.281064074788070939e-01 5.394998311137996216e-01
3.337231624304318189e-01 5.393315745286431095e-01
3.394360689215190630e-01 5.391602616576920415e-01
3.452467729413670749e-01 5.389858343763556103e-01
3.511569486564699027e-01 5.388082333811973212e-01
3.571682988928747693e-01 5.386273981644403852e-01
3.632825556267957889e-01 5.384432669879360978e-01
3.695014804836274647e-01 5.382557768565633394e-01
3.758268652454997416e-01 5.380648634910615291e-01
3.822605323675220546e-01 5.378704613002855961e-01
3.888043355028652504e-01 5.376725033528733100e-01
3.954601600368312098e-01 5.374709213483013226e-01
4.022299236300663772e-01 5.372656455873739967e-01
4.091155767710728530e-01 5.370566049420615329e-01
4.161191033381794191e-01 5.368437268247426841e-01
4.232425211711315916e-01 5.366269371568123114e-01
4.304878826524663471e-01 5.364061603366729880e-01
4.378572752988409977e-01 5.361813192070592482e-01
4.453528223624823035e-01 5.359523350217573201e-01
4.529766834429341249e-01 5.357191274116456237e-01
4.607310551092752560e-01 5.354816143501056613e-01
4.686181715329905129e-01 5.352397121177742134e-01
4.766403051316746020e-01 5.349933352666351727e-01
4.847997672237557287e-01 5.347423965834666726e-01
4.930989086944277955e-01 5.344868070526295201e-01
5.015401206729810379e-01 5.342264758181951567e-01
5.101258352217296066e-01 5.339613101454441235e-01
5.188585260367313268e-01 5.336912153816942839e-01
5.277407091605026412e-01 5.334160949165087651e-01
5.367749437069362362e-01 5.331358501412751805e-01
5.459638325986252427e-01 5.328503804081493600e-01
5.553100233168131172e-01 5.325595829884104404e-01
5.648162086641779212e-01 5.322633530302118832e-01
5.744851275406778202e-01 5.319615835157611716e-01
5.843195657326760717e-01 5.316541652179460620e-01
5.943223567155744291e-01 5.313409866564331452e-01
6.044963824701893307e-01 5.310219340532523757e-01
6.148445743130991348e-01 5.306968912879094225e-01
6.253699137412107589e-01 5.303657398520681410e-01
6.360754332907793129e-01 5.300283588038166016e-01
6.469642174111369659e-01 5.296846247215777348e-01
6.580394033533766285e-01 5.293344116577070047e-01
6.693041820742493542e-01 5.289775910918211865e-01
6.807617991555359183e-01 5.286140318839447350e-01
6.924155557391551419e-01 5.282436002274877307e-01
7.042688094782828534e-01 5.278661596021730906e-01
7.163249755047493839e-01 5.274815707269678855e-01
7.285875274130008128e-01 5.270896915130997007e-01
7.410599982609020753e-01 5.266903770172635113e-01
7.537459815876732527e-01 5.262834793951033374e-01
7.666491324492525905e-01 5.258688478551002410e-01
7.797731684713813394e-01 5.254463286129565924e-01
7.931218709207189521e-01 5.250157648466318161e-01
8.066990857942919479e-01 5.245769966521626193e-01
8.205087249275933026e-01 5.241298610003992664e-01
8.345547671216521080e-01 5.236741916948587372e-01
8.488412592893960218e-01 5.232098193308456491e-01
8.633723176216387962e-01 5.227365712560341215e-01
8.781521287730265080e-01 5.222542715327260776e-01
8.931849510682883242e-01 5.217627409020135776e-01
9.084751157291341972e-01 5.212617967500537963e-01
9.240270281221558690e-01 5.207512530767665071e-01
9.398451690280920090e-01 5.202309204671675680e-01
9.559340959328189724e-01 5.197006060656838011e-01
9.722984443404447674e-01 5.191601135537456946e-01
9.889429291088775997e-01 5.186092431309949902e-01
1.005872345808261681e+00 5.180477915004801925e-01
1.023091572102663882e+00 5.174755518582114799e-01
1.040605569155416577e+00 5.168923138875094470e-01
1.058419383058516017e+00 5.162978637585715624e-01
1.076538146286490027e+00 5.156919841337301857e-01
1.094967079175153790e+00 5.150744541789007425e-01
1.113711491425683819e+00 5.144450495817568525e-01
1.132776783634433349e+00 5.138035425771765308e-01
1.152168448848942317e+00 5.131497019805794091e-01
1.171892074150579388e+00 5.124832932297702648e-01
1.191953342264278737e+00 5.118040784359532136e-01
1.212358033195835461e+00 5.111118164446397660e-01
1.233112025897226349e+00 5.104062629071698387e-01
1.254221299960438740e+00 5.096871703636490780e-01
1.275691937340299287e+00 5.089542883381092953e-01
1.297530124106788030e+00 5.082073634467734191e-01
1.319742152227359799e+00 5.074461395203044844e-01
1.342334421379767884e+00 5.066703577410157644e-01
1.365313440795925093e+00 5.058797567960087171e-01
1.388685831137329352e+00 5.050740730472841333e-01
1.412458326402590059e+00 5.042530407198878573e-01
1.436637775867616984e+00 5.034163921092172922e-01
1.461231146059013719e+00 5.025638578086280006e-01
1.486245522761259652e+00 5.016951669585442142e-01
1.511688113058246019e+00 5.008100475182840627e-01
1.537566247409769105e+00 4.999082265618755572e-01
1.563887381763561457e+00 4.989894305991316448e-01
1.590659099703483959e+00 4.980533859233096106e-01
1.617889114634490255e+00 4.970998189866819295e-01
1.645585272004991939e+00 4.961284568053682675e-01
1.673755551567276179e+00 4.951390273947706144e-01
1.702408069676609514e+00 4.941312602369747897e-01
1.731551081629704614e+00 4.931048867814613601e-01
1.761192984043217447e+00 4.920596409804319227e-01
1.791342317272957674e+00 4.909952598600637597e-01
1.822007767874521011e+00 4.899114841289203270e-01
1.853198171106036352e+00 4.888080588247230018e-01
1.884922513473760608e+00 4.876847340005738274e-01
1.917189935321250038e+00 4.865412654516805269e-01
1.950009733462852335e+00 4.853774154834721855e-01
1.983391363862286871e+00 4.841929537218978563e-01
2.017344444357073385e+00 4.829876579665288716e-01
2.051878757429601574e+00 4.817613150869270999e-01
2.087004253025632305e+00 4.805137219625048584e-01
2.122731051421060222e+00 4.792446864659163364e-01
2.159069446137740655e+00 4.779540284897371705e-01
2.196029906909233276e+00 4.766415810158790012e-01
2.233623082697320683e+00 4.753071912269321020e-01
2.271859804760159030e+00 4.739507216582062310e-01
2.310751089772957734e+00 4.725720513888972962e-01
2.350308143002077799e+00 4.711710772703930350e-01
2.390542361533465332e+00 4.697477151892446856e-01
2.431465337556356410e+00 4.683019013619041382e-01
2.473088861703185426e+00 4.668335936577686085e-01
2.515424926446683251e+00 4.653427729465400287e-01
2.558485729555114663e+00 4.638294444653704440e-01
2.602283677606672008e+00 4.622936392006117279e-01
2.646831389564031412e+00 4.607354152784346457e-01
2.692141700410093375e+00 4.591548593578972937e-01
2.738227664845977127e+00 4.575520880194468565e-01
2.785102561052302583e+00 4.559272491411540673e-01
2.832779894514874552e+00 4.542805232543682958e-01
2.881273401915845245e+00 4.526121248698379840e-01
2.930597055091502146e+00 4.509223037647235310e-01
2.980765065057796814e+00 4.492113462203735086e-01
3.031791886104791445e+00 4.474795762001785859e-01
3.083692219961194692e+00 4.457273564563394297e-01
3.136481020030185807e+00 4.439550895539915443e-01
3.190173495697761208e+00 4.421632188007446063e-01
3.244785116714823392e+00 4.403522290695198182e-01
3.300331617654288952e+00 4.385226475023396575e-01
3.356829002444499555e+00 4.366750440827981694e-01
3.414293548980231296e+00 4.348100320649596617e-01
3.472741813812650680e+00 4.329282682467592847e-01
3.532190636919545490e+00 4.310304530763092168e-01
3.592657146557222791e+00 4.291173305801393445e-01
3.654158764195453823e+00 4.271896881030824988e-01
3.716713209536919305e+00 4.252483558504335792e-01
3.780338505622561573e+00 4.232942062240861447e-01
3.845052984024341924e+00 4.213281529455897845e-01
3.910875290126894388e+00 4.193511499604818948e-01
3.977824388499579644e+00 4.173641901198294479e-01
4.045919568360526242e+00 4.153683036366409564e-01
4.115180449134189011e+00 4.133645563166504222e-01
4.185626986104049152e+00 4.113540475649860584e-01
4.257279476162089793e+00 4.093379081722595125e-01
4.330158563656679505e+00 4.073172978858027315e-01
4.404285246340588600e+00 4.052934027739273359e-01
4.479680881420799565e+00 4.032674323932965987e-01
4.556367191711902187e+00 4.012406167716737748e-01
4.634366271894821310e+00 3.992142032204250568e-01
4.713700594882674899e+00 3.971894529931996876e-01
4.794393018295630249e+00 3.951676378091351638e-01
4.876466791046582649e+00 3.931500362606541454e-01
4.959945560039578538e+00 3.911379301275318410e-01
5.044853376982899817e+00 3.891326006202536214e-01
5.131214705318798863e+00 3.871353245767664153e-01
5.219054427271837326e+00 3.851473706376161155e-01
5.308397851017901736e+00 3.831699954249802587e-01
5.399270717975934275e+00 3.812044397514059435e-01
5.491699210224481931e+00 3.792519248839884560e-01
5.585709958045230294e+00 3.773136488893962248e-01
5.681330047595650079e+00 3.753907830844888105e-01
5.778587028712998119e+00 3.734844686163292238e-01
5.877508922851915507e+00 3.715958131941520803e-01
5.978124231157893043e+00 3.697258879943787768e-01
6.080461942678972775e+00 3.678757247580174417e-01
6.184551542717989570e+00 3.660463130978875990e-01
6.290423021327815611e+00 3.642385980309469362e-01
6.398106881952026370e+00 3.624534777487879444e-01
6.507634150213465141e+00 3.606918016369862201e-01
6.619036382853296985e+00 3.589543685515481086e-01
6.732345676823048741e+00 3.572419253582407861e-01
6.847594678532314738e+00 3.555551657381353370e-01
6.964816593254750998e+00 3.538947292602572237e-01
7.084045194695118397e+00 3.522612007198757667e-01
7.205314834720076611e+00 3.506551097387411997e-01
7.328660453255560370e+00 3.490769306214203671e-01
7.454117588353598833e+00 3.475270824599526742e-01
7.581722386431436256e+00 3.460059294771857252e-01
7.711511612685980843e+00 3.445137815976354601e-01
7.843522661686488817e+00 3.430508952332055883e-01
7.977793568148606518e+00 3.416174742699761846e-01
8.114363017892845420e+00 3.402136712412413000e-01
8.253270358990638655e+00 3.388395886712257665e-01
8.394555613101235991e+00 3.374952805733073546e-01
8.538259487002633819e+00 3.361807540862537524e-01
8.684423384319927663e+00 3.348959712317651216e-01
8.833089417454427661e+00 3.336408507766582265e-01
8.984300419716966246e+00 3.324152701831848966e-01
9.138099957668959661e+00 3.312190676313158111e-01
9.294532343674692498e+00 3.300520440973081504e-01
9.453642648668489912e+00 3.289139654734252738e-01
9.615476715140443886e+00 3.278045647144176011e-01
9.780081170344464780e+00 3.267235439971357125e-01
9.947503439732397368e+00 3.256705768804789014e-01
1.011779176061815022e+01 3.246453104538332690e-01
1.029099519607568070e+01 3.236473674630512831e-01
1.046716364907500108e+01 3.226763484040336416e-01
1.064634787686003037e+01 3.217318335749145830e-01
1.082859950557268647e+01 3.208133850788720265e-01
1.101397104512732561e+01 3.199205487705066853e-01
1.120251590433969646e+01 3.190528561397144025e-01
1.139428840631505224e+01 3.182098261278659135e-01
1.158934380409952247e+01 3.173909668719877009e-01
1.178773829659951922e+01 3.165957773734872083e-01
1.198952904477367731e+01 3.158237490887276788e-01
1.219477418810184766e+01 3.150743674395088401e-01
1.240353286133620792e+01 3.143471132421857828e-01
1.261586521153894580e+01 3.136414640547787736e-01
1.283183241541172137e+01 3.129568954420146043e-01
1.305149669692179693e+01 3.122928821587317993e-01
1.327492134522977629e+01 3.116488992525665580e-01
1.350217073292442649e+01 3.110244230872248328e-01
1.373331033456947026e+01 3.104189322880139268e-01
1.396840674556800188e+01 3.098319086116186893e-01
1.420752770134984644e+01 3.092628377423412012e-01
1.445074209688722711e+01 3.087112100172859641e-01
1.469812000654474637e+01 3.081765210830944568e-01
1.494973270426894274e+01 3.076582724870243757e-01
1.520565268412361704e+01 3.071559722052179531e-01
1.546595368117670333e+01 3.066691351111338615e-01
1.573071069274453038e+01 3.061972833870923449e-01
1.600000000000000000e+01 3.057399468819720356e-01
