9.832887700534760356e-01 3.160973132195691870e-01
9.832895781413983904e-01 3.160967932643061751e-01
9.832920023323267200e-01 2.499046316392073697e-01
9.832960424077469286e-01 2.613343162124380781e-01
9.833016980034838816e-01 3.146424206938952528e-01
9.833089686097227222e-01 2.446844115777559447e-01
9.833178535710384027e-01 2.686876575959540880e-01
9.833283520864346539e-01 3.115903760876466144e-01
9.833404632093908360e-01 2.405184867455962272e-01
9.833541858479186715e-01 2.764604219471930024e-01
9.833695187646260827e-01 3.070201237478887846e-01
9.833864605767902445e-01 2.375373694383007550e-01
9.834050097564394077e-01 2.844208376671334970e-01
9.834251646304434935e-01 3.010528782873787557e-01
9.834469233806132360e-01 2.358759205583737806e-01
9.834702840438070970e-01 2.922846172289412792e-01
9.834952445120488385e-01 2.938599210196194411e-01
9.835218025326514235e-01 2.356750253511681326e-01
9.835499557083519084e-01 2.997033972536635726e-01
9.835797014974531072e-01 2.856723331013309441e-01
9.836110372139756919e-01 2.370780172823789833e-01
9.836439600278173989e-01 3.062588417828775444e-01
9.836784669649225599e-01 2.767903510239398956e-01
9.837145549074602924e-01 2.402199009056632251e-01
9.837522205940091302e-01 3.114674169508704349e-01
9.837914606197550871e-01 2.675902883170024338e-01
9.838322714366934951e-01 2.452065228288727583e-01
9.838746493538444993e-01 3.148020181829792596e-01
9.839185905374727703e-01 2.585269934647123624e-01
9.839640910113213179e-01 2.520800907910127342e-01
9.840111466568493004e-01 3.157366681632501892e-01
9.840597532134831571e-01 2.501301984165302805e-01
9.841099062788732921e-01 2.607675398291146029e-01
9.841616013091628590e-01 3.138182022314647823e-01
9.842148336192633185e-01 2.429937088875256945e-01
9.842695983831402096e-01 2.710105030401520065e-01
9.843258906341086911e-01 3.087630360505939087e-01
9.843837052651369657e-01 2.377566362687961177e-01
9.844430370291603616e-01 2.822820373547882400e-01
9.845038805394035197e-01 3.005674991566136822e-01
9.845662302697123502e-01 2.350746672982588215e-01
9.846300805548963142e-01 2.937078263502599373e-01
9.846954255910785880e-01 2.896087494549317576e-01
9.847622594360568860e-01 2.355752517997880824e-01
9.848305760096733863e-01 3.040284782690906296e-01
9.849003690941932065e-01 2.767049852882406680e-01
9.849716323346955349e-01 2.397826773855808724e-01
9.850443592394699799e-01 3.116592208950517140e-01
9.851185431804264647e-01 2.631056020968901565e-01
9.851941773935130042e-01 2.479892418731267645e-01
9.852712549791433627e-01 3.149084331140228898e-01
9.853497689026352591e-01 2.503987350472104967e-01
9.854297119946573424e-01 2.600457849358152607e-01
9.855110769516869373e-01 3.123831744606534455e-01
9.855938563364777805e-01 2.403505102084939060e-01
9.856780425785371946e-01 2.750678844491969421e-01
9.857636279746132546e-01 3.035214986536045600e-01
9.858506046891933883e-01 2.347086461042477146e-01
9.859389647550111935e-01 2.911292079614181683e-01
9.860287000735645790e-01 2.890702551147482091e-01
9.861198024156442310e-01 2.349862665882088975e-01
9.862122634218722927e-01 3.051476583930636810e-01
9.863060746032504822e-01 2.712569751755586345e-01
9.864012273417195331e-01 2.421774418027077547e-01
9.864977128907297388e-01 3.132925031373747782e-01
9.865955223758196002e-01 2.534894885502340656e-01
9.866946467952077970e-01 2.562821360331729581e-01
9.867950770203932631e-01 3.121613846645115431e-01
9.868968037967684737e-01 2.396608048497793353e-01
9.869998177442407261e-01 2.755592562955175295e-01
9.871041093578660774e-01 3.005032034810063979e-01
9.872096690084932735e-01 2.333496062246750713e-01
9.873164869434184476e-01 2.957653033947975629e-01
9.874245532870512543e-01 2.805639779335634687e-01
9.875338580415915501e-01 2.371176997129828268e-01
9.876443910877160670e-01 3.102734783352514292e-01
9.877561421852786294e-01 2.579448319594258021e-01
9.878691009740184770e-01 2.516895972480245325e-01
9.879832569742813542e-01 3.122487041885506631e-01
9.880985995877523687e-01 2.397962506389446080e-01
9.882151180981978422e-01 2.745623083081875637e-01
9.883328016722204845e-01 2.987613228606875726e-01
9.884516393600244477e-01 2.324906444716234866e-01
9.885716200961928157e-01 2.984491324177040439e-01
9.886927327004754185e-01 2.740343704207989228e-01
9.888149658785891916e-01 2.398722251131118199e-01
9.889383082230281952e-01 3.120405381793950883e-01
9.890627482138872884e-01 2.483527539066778811e-01
9.891882742196954625e-01 2.615299769649933603e-01
9.893148744982624976e-01 3.059568852030704056e-01
9.894425371975347216e-01 2.330813192993114458e-01
9.895712503564650930e-01 2.900450482062599811e-01
9.897010019058934960e-01 2.812275512980231262e-01
9.898317796694381387e-01 2.359647947240509913e-01
9.899635713644007184e-01 3.100465343238951732e-01
9.900963646026810228e-01 2.510667973870721603e-01
9.902301468917048544e-01 2.581484145819897824e-01
9.903649056353632796e-01 3.061970066280281788e-01
9.905006281349633124e-01 2.325202931880510915e-01
9.906373015901911439e-01 2.901962099668678463e-01
9.907749131000868070e-01 2.783826430709118727e-01
9.909134496640309431e-01 2.369201523099238593e-01
9.910528981827432249e-01 3.105973693491327903e-01
9.911932454592932151e-01 2.455374133434105322e-01
9.913344782001217714e-01 2.645808915933094418e-01
9.914765830160773286e-01 3.000143950241198065e-01
9.916195464234600632e-01 2.305532874862413761e-01
9.917633548450823788e-01 2.989935181776576245e-01
9.919079946113378288e-01 2.648534699132846226e-01
9.920534519612843605e-01 2.451767593755873331e-01
9.921997130437376633e-01 3.095718536912865915e-01
9.923467639183790601e-01 2.346368997754436081e-01
9.924945905568726134e-01 2.821346176135011707e-01
9.926431788439959991e-01 2.822100640310504782e-01
9.927925145787830363e-01 2.344471199197417921e-01
9.929425834756783198e-01 3.093067625598652226e-01
9.930933711657030649e-01 2.430787453029530365e-01
9.932448631976341646e-01 2.674162568179416222e-01
9.933970450391936824e-01 2.938961371148323676e-01
9.935499020782521118e-01 2.300905080563397931e-01
9.937034196240426276e-01 3.046809364130448894e-01
9.938575829083867719e-01 2.511148163996330118e-01
9.940123770869325748e-01 2.574732330532282232e-01
9.941677872404053318e-01 2.999984327488559588e-01
9.943237983758679288e-01 2.289062139211556768e-01
9.944803954279970437e-01 3.001816086716082022e-01
9.946375632603655648e-01 2.560204240337269899e-01
9.947952866667423288e-01 2.523813707284876529e-01
9.949535503723997421e-01 3.020504543447641854e-01
9.951123390354343901e-01 2.285239221348548677e-01
9.952716372481004159e-01 2.982343176072511093e-01
9.954314295381520017e-01 2.566458538189013705e-01
9.955917003701996171e-01 2.516968877142679029e-01
9.957524341470764817e-01 3.011137923722919107e-01
9.959136152112171292e-01 2.279625184908846691e-01
9.960752278460472953e-01 2.995487885903971859e-01
9.962372562773841311e-01 2.527495308093363202e-01
9.963996846748496283e-01 2.554643783271587365e-01
9.965624971532934806e-01 2.969079191638795967e-01
9.967256777742272700e-01 2.277853853027249909e-01
9.968892105472708653e-01 3.033193733025607020e-01
9.970530794316085910e-01 2.448634278939245956e-01
9.972172683374572744e-01 2.642827894893788332e-01
9.973817611275435091e-01 2.878915817293717372e-01
9.975465416185941292e-01 2.301510316932972033e-01
9.977115935828345661e-01 3.067555475470577497e-01
9.978769007494999732e-01 2.349094693248107157e-01
9.980424468063552323e-01 2.783254597704459266e-01
9.982082154012269504e-01 2.724940267017911810e-01
9.983741901435441157e-01 2.385382285826559978e-01
9.985403546058886359e-01 3.045603853040340647e-01
9.987066923255591977e-01 2.271297838067390662e-01
9.988731868061402341e-01 2.949417957836844018e-01
9.990398215190846587e-01 2.517605799746510664e-01
9.992065799053040376e-01 2.562543170651328528e-01
9.993734453767694204e-01 2.905277533456597228e-01
9.995404013181212743e-01 2.282264866330833697e-01
9.997074310882885229e-01 3.055776578388581521e-01
9.998745180221169093e-01 2.321843544088607048e-01
1.000041645432006687e+00 2.820827940599466288e-01
1.000208796609559192e+00 2.636053627242996855e-01
1.000375954827231517e+00 2.450790255574896714e-01
1.000543103340000073e+00 2.972165205024039913e-01
1.000710225387033914e+00 2.255071574507146459e-01
1.000877304193374062e+00 3.031490650291182032e-01
1.001044322971623046e+00 2.348774776562223554e-01
1.001211264923641098e+00 2.771616883622640137e-01
1.001378113242250345e+00 2.658875520631026057e-01
1.001544851112948553e+00 2.430881894977248714e-01
1.001711461715626639e+00 2.965828143816249263e-01
1.001877928226297509e+00 2.250139145891265624e-01
1.002044233818828900e+00 3.032493432370095277e-01
1.002210361666685312e+00 2.317030385757368194e-01
1.002376294944675506e+00 2.817563030221431619e-01
1.002542016830706650e+00 2.581923400256216916e-01
1.002707510507546251e+00 2.497526379825986409e-01
1.002872759164587846e+00 2.887142681857907123e-01
1.003037745999624697e+00 2.275812086911426224e-01
1.003202454220628370e+00 3.036487261766450119e-01
1.003366867047533972e+00 2.251506474886441622e-01
1.003530967714028721e+00 2.937395915522243439e-01
1.003694739469347619e+00 2.419792406861119571e-01
1.003858165580072903e+00 2.670299110408391741e-01
1.004021229331939491e+00 2.696724275321542019e-01
1.004183914031643088e+00 2.398068671776732164e-01
1.004346203008654514e+00 2.942736110022107221e-01
1.004508079617036698e+00 2.243921168043133685e-01
1.004669527237266102e+00 3.028525985398978215e-01
1.004830529278057050e+00 2.253039971130804953e-01
1.004991069178191365e+00 2.917799152346122749e-01
1.005151130408348248e+00 2.409087730327242050e-01
1.005310696472939025e+00 2.682027873922497307e-01
1.005469750911944793e+00 2.649711838356128002e-01
1.005628277302753837e+00 2.435880177479802233e-01
1.005786259262004601e+00 2.880581171779099670e-01
1.005943680447427768e+00 2.268212966851347046e-01
1.006100524559691456e+00 3.009310208703793732e-01
1.006256775344247512e+00 2.219099054762142531e-01
1.006412416593177817e+00 2.990015330429449669e-01
1.006567432147043251e+00 2.289049879989210889e-01
1.006721805896731770e+00 2.842664524592464215e-01
1.006875521785306704e+00 2.451206731391447347e-01
1.007028563809856170e+00 2.631851293055850749e-01
1.007180916023341144e+00 2.658224160088664134e-01
1.007332562536443321e+00 2.427897203139405269e-01
1.007483487519412524e+00 2.851461772344677237e-01
1.007633675203911894e+00 2.280315444108231004e-01
1.007783109884862638e+00 2.977601727359047712e-01
1.007931775922287443e+00 2.212146603040586745e-01
1.008079657743149671e+00 3.006588773831878614e-01
1.008226739843193887e+00 2.225890617154729634e-01
1.008373006788779724e+00 2.939826477108273273e-01
1.008518443218715532e+00 2.310547884325660772e-01
1.008663033846089130e+00 2.804180220159458448e-01
1.008806763460092792e+00 2.446009379099159387e-01
1.008949616927846016e+00 2.637451512007019661e-01
1.009091579196214949e+00 2.606107291842878482e-01
1.009232635293624281e+00 2.474630513555567124e-01
1.009372770331869340e+00 2.762478760125582355e-01
1.009511969507918216e+00 2.340437199492780840e-01
1.009650218105711650e+00 2.889655273128372004e-01
1.009787501497956708e+00 2.248139091508829790e-01
1.009923805147912912e+00 2.969917529693701930e-01
1.010059114611175479e+00 2.201815793319476799e-01
1.010193415537447903e+00 2.996002785044014072e-01
1.010326693672311205e+00 2.199381199150928501e-01
1.010458934858983415e+00 2.970774934603461759e-01
1.010590125040074172e+00 2.235008565825597759e-01
1.010720250259327768e+00 2.904438724680581951e-01
1.010849296663362207e+00 2.300734117688493785e-01
1.010977250503397151e+00 2.810747064519858451e-01
1.011104098136973883e+00 2.387520846980573930e-01
1.011229826029665713e+00 2.703593894715691781e-01
1.011354420756780392e+00 2.486097142929583614e-01
1.011477869005050767e+00 2.594760309966781531e-01
1.011600157574316983e+00 2.587720679302513149e-01
1.011721273379198482e+00 2.492913122811727666e-01
1.011841203450753124e+00 2.684854753533633120e-01
1.011959934938128081e+00 2.403550164409100076e-01
1.012077455110198088e+00 2.771667849526255334e-01
1.012193751357192140e+00 2.329477204045290739e-01
1.012308811192308200e+00 2.844279411414389891e-01
1.012422622253315696e+00 2.271474567064310779e-01
1.012535172304146025e+00 2.900735520022317271e-01
1.012646449236469959e+00 2.228943374136083400e-01
1.012756441071261282e+00 2.940761995520124739e-01
1.012865135960347329e+00 2.200436826145791558e-01
1.012972522187946200e+00 2.965380763342156389e-01
1.013078588172189320e+00 2.184055947379992813e-01
1.013183322466629344e+00 2.976481230406071710e-01
1.013286713761734958e+00 2.177725262374469173e-01
1.013388750886368372e+00 2.976420259568315352e-01
1.013489422809248808e+00 2.179375181993511157e-01
1.013588718640400899e+00 2.967695695674156808e-01
1.013686627632586656e+00 2.187056732704265594e-01
1.013783139182719673e+00 2.952710724812344090e-01
1.013878242833266441e+00 2.199008793666873685e-01
1.013971928273627032e+00 2.933625928085337731e-01
1.014064185341501334e+00 2.213692339773965234e-01
1.014155004024237750e+00 2.912284247064405029e-01
1.014244374460162357e+00 2.229801822674449263e-01
1.014332286939892080e+00 2.890189811237178774e-01
1.014418731907629434e+00 2.246260890552526368e-01
1.014503699962438832e+00 2.868522204359826855e-01
1.014587181859502030e+00 2.262207780568218918e-01
1.014669168511358688e+00 2.848170898205842350e-01
1.014749650989124508e+00 2.276974486364922445e-01
1.014828620523690494e+00 2.829778529417647515e-01
1.014906068506902903e+00 2.290062893159323654e-01
1.014981986492724086e+00 2.813785415463956330e-01
1.015056366198370474e+00 2.301120311201925728e-01
1.015129199505433011e+00 2.800470733936100132e-01
1.015200478460974942e+00 2.309916158001757980e-01
1.015270195278608956e+00 2.789988018064803454e-01
1.015338342339553890e+00 2.316320930533026512e-01
1.015404912193669240e+00 2.782394130291585554e-01
1.015469897560468127e+00 2.320288083948937874e-01
1.015533291330108279e+00 2.777671817514401065e-01
1.015595086564361704e+00 2.321839007007608091e-01
1.015655276497561044e+00 2.775746485359388283e-01
1.015713854537523497e+00 2.321050961142888946e-01
1.015770814266452993e+00 2.776498089953928772e-01
1.015826149441818371e+00 2.318047626759132673e-01
1.015879853997208704e+00 2.779769137046237959e-01
1.015931922043165736e+00 2.312991765738900141e-01
1.015982347867992353e+00 2.785369771134925676e-01
1.016031125938537505e+00 2.306079449839681661e-01
1.016078250900957158e+00 2.793080876976813953e-01
1.016123717581451924e+00 2.297535305338001266e-01
1.016167520986979156e+00 2.802656029328018938e-01
1.016209656305942399e+00 2.287608270776958774e-01
1.016250118908854194e+00 2.813823026836821950e-01
1.016288904348976896e+00 2.276567444532342777e-01
1.016326008362936184e+00 2.826285637723342514e-01
1.016361426871310814e+00 2.264697700077636378e-01
1.016395155979197940e+00 2.839726068391820735e-01
1.016427191976751798e+00 2.252294858724495918e-01
1.016457531339697740e+00 2.853808539453153159e-01
1.016486170729821170e+00 2.239660323646021634e-01
1.016513106995430737e+00 2.868184215736295228e-01
1.016538337171795536e+00 2.227095184983418907e-01
1.016561858481556557e+00 2.882497587914524262e-01
1.016583668335112822e+00 2.214893898639450354e-01
1.016603764330981541e+00 2.896394247530549304e-01
1.016622144256131399e+00 2.203337713660400710e-01
1.016638806086290980e+00 2.909529841054056543e-01
1.016653747986229872e+00 2.192688073424837736e-01
1.016666968310014019e+00 2.921579842977273800e-01
1.016678465601236203e+00 2.183180241244379038e-01
1.016688238593216553e+00 2.932249665126591132e-01
1.016696286209180622e+00 2.175017405254665581e-01
1.016702607562409488e+00 2.941284532491754700e-01
1.016707201956362105e+00 2.168365500895477194e-01
1.016710068884773221e+00 2.948478516444868469e-01
1.016711208031724212e+00 2.163348958968636659e-01
1.016710619271685712e+00 2.953682131755820395e-01
1.016708302669536712e+00 2.160047545472557895e-01
1.016704258480554790e+00 2.956807976318014397e-01
1.016698487150380359e+00 2.158494412482852287e-01
1.016690989314954496e+00 2.957834016995445903e-01
1.016681765800431680e+00 2.158675428769407934e-01
1.016670817623062328e+00 2.956804289935512919e-01
1.016658145989053130e+00 2.160529809545657653e-01
1.016643752294398739e+00 2.953826971856902128e-01
1.016627638124686595e+00 2.163952015550822672e-01
1.016609805254876653e+00 2.949069969795274915e-01
1.016590255649054031e+00 2.168794845939328031e-01
1.016568991460157001e+00 2.942754349747065401e-01
1.016546015029675232e+00 2.174873607201170123e-01
1.016521328887326714e+00 2.935146061307332688e-01
1.016494935750703599e+00 2.181971202943331356e-01
1.016466838524897165e+00 2.926546502435671826e-01
1.016437040302091921e+00 2.189843959817595054e-01
1.016405544361138613e+00 2.917282499083759251e-01
1.016372354167097480e+00 2.198227985880819857e-01
1.016337473370758859e+00 2.907696248499490599e-01
1.016300905808136701e+00 2.206845851545919668e-01
1.016262655499937440e+00 2.898135698519873626e-01
1.016222726651003327e+00 2.215413395037220678e-01
1.016181123649731122e+00 2.888945718355156456e-01
1.016137851067464570e+00 2.223646483727362844e-01
1.016092913657864027e+00 2.880460271751926205e-01
1.016046316356249202e+00 2.231267612139004042e-01
1.015998064278919699e+00 2.872995643766789731e-01
1.015948162722448034e+00 2.238012284904850602e-01
1.015896617162952431e+00 2.866844608987483833e-01
1.015843433255341210e+00 2.243635214409707979e-01
1.015788616832537183e+00 2.862271270829917502e-01
1.015732173904675406e+00 2.247916453323316466e-01
1.015674110658279394e+00 2.859506154825110502e-01
1.015614433455411802e+00 2.250667673627951837e-01
1.015553148832804897e+00 2.858741008168810271e-01
1.015490263500965273e+00 2.251738886697125241e-01
1.015425784343256366e+00 2.860122647151600583e-01
1.015359718414960311e+00 2.251025963443997191e-01
1.015292072942314938e+00 2.863745109442648040e-01
1.015222855321529671e+00 2.248479346867645334e-01
1.015152073117780107e+00 2.869639320109643177e-01
1.015079734064179284e+00 2.244114340492852910e-01
1.015005846060728523e+00 2.877759487667122529e-01
1.014930417173247168e+00 2.238023291272569493e-01
1.014853455632281021e+00 2.887965541177083817e-01
1.014774969831989004e+00 2.230389853477976747e-01
1.014694968329010960e+00 2.900001149619079732e-01
1.014613459841313681e+00 2.221505309620932789e-01
1.014530453247016961e+00 2.913467299520113851e-01
1.014445957583202107e+00 2.211786628487003581e-01
1.014359982044696684e+00 2.927792135190332989e-01
1.014272535982843948e+00 2.201795554641957364e-01
1.014183628904250956e+00 2.942198890982869464e-01
1.014093270469518471e+00 2.192257546983842897e-01
1.014001470491952439e+00 2.955675362987427168e-01
1.013908238936257478e+00 2.184078811077969084e-01
1.013813585917211268e+00 2.966950526427199475e-01
1.013717521698322965e+00 2.178358982569830182e-01
1.013620056690472948e+00 2.974486532028121633e-01
1.013521201450534814e+00 2.176396160980373362e-01
1.013420966679983382e+00 2.976497111307366827e-01
1.013319363223482261e+00 2.179679849086001153e-01
1.013216402067458333e+00 2.971005736639600325e-01
1.013112094338658897e+00 2.189865727480586610e-01
1.013006451302692401e+00 2.955957612839887894e-01
1.012899484362555613e+00 2.208723826121491984e-01
1.012791205057144150e+00 2.929397178666225954e-01
1.012681625059749235e+00 2.238048327617600530e-01
1.012570756176538911e+00 2.889715556559614984e-01
1.012458610345026377e+00 2.279513048825791699e-01
1.012345199632523007e+00 2.835959100595942251e-01
1.012230536234578926e+00 2.334452543153274495e-01
1.012114632473410047e+00 2.768171265920104651e-01
1.011997500796312233e+00 2.403547372700042539e-01
1.011879153774061679e+00 2.687718753586673115e-01
1.011759604099304433e+00 2.486398686540920444e-01
1.011638864584934128e+00 2.597536120049738217e-01
1.011516948162455964e+00 2.581000186593078172e-01
1.011393867880340913e+00 2.502220054158789675e-01
1.011269636902369484e+00 2.683164870068153740e-01
1.011144268505962174e+00 2.407923084798291036e-01
1.011017776080502584e+00 2.786045532619539356e-01
1.010890173125647218e+00 2.322036434604718702e-01
1.010761473249629061e+00 2.879991878153845830e-01
1.010631690167547614e+00 2.252698888857867510e-01
1.010500837699653598e+00 2.953071244455540145e-01
1.010368929769621893e+00 2.208193967918346268e-01
1.010235980402817813e+00 2.992562159706559366e-01
1.010102003724554054e+00 2.196267547210707938e-01
1.009967013958339876e+00 2.987510961192889059e-01
1.009831025424122952e+00 2.223295899945568754e-01
1.009694052536524334e+00 2.931982458458455842e-01
1.009556109803065871e+00 2.293092367781091045e-01
1.009417211822390081e+00 2.828068349386536617e-01
1.009277373282476242e+00 2.405072321565814297e-01
1.009136608958847381e+00 2.687388974629973393e-01
1.008994933712773934e+00 2.551701207775889935e-01
1.008852362489470966e+00 2.530131640723788378e-01
1.008708910316290286e+00 2.715838768924458413e-01
1.008564592300907670e+00 2.381680474163825889e-01
1.008419423629506317e+00 2.869725705979335184e-01
1.008273419564954976e+00 2.268060078368701327e-01
1.008126595444983398e+00 2.978242948547145663e-01
1.007978966680353139e+00 2.211801694513561289e-01
1.007830548753026356e+00 3.008264413720653230e-01
1.007681357214329720e+00 2.228889339969336858e-01
1.007531407683117664e+00 2.942329980488593288e-01
1.007380715843932295e+00 2.325687885174320402e-01
1.007229297445160654e+00 2.790009916171060089e-01
1.007077168297191294e+00 2.493866740079003497e-01
1.006924344270568872e+00 2.588983715427994881e-01
1.006770841294146512e+00 2.703381527160029774e-01
1.006616675353240176e+00 2.393605312896900927e-01
1.006461862487778136e+00 2.899154217125658461e-01
1.006306418790453794e+00 2.257730724336652339e-01
1.006150360404876487e+00 3.011978332175058171e-01
1.005993703523722305e+00 2.221409446913051033e-01
1.005836464386887119e+00 2.988719359122785080e-01
1.005678659279638287e+00 2.303811146243914254e-01
1.005520304530768572e+00 2.827330593874284870e-01
1.005361416510750283e+00 2.495612539663115137e-01
1.005202011629892533e+00 2.587260937162391139e-01
1.005042106336499153e+00 2.746284833393226044e-01
1.004881717115028161e+00 2.362192048973872638e-01
1.004720860484254352e+00 2.959944484110071383e-01
1.004559552995434979e+00 2.237818088786487636e-01
1.004397811230476778e+00 3.028290095331990783e-01
1.004235651800106544e+00 2.265114043444341752e-01
1.004073091342046142e+00 2.901903949003512562e-01
1.003910146519188640e+00 2.448681396153918888e-01
1.003746834017780643e+00 2.639782184365201401e-01
1.003583170545607528e+00 2.729582116933410574e-01
1.003419172830182005e+00 2.376795449950392103e-01
1.003254857616939333e+00 2.974430440552408017e-01
1.003090241667434546e+00 2.241558463206581031e-01
1.002925341757546995e+00 3.029070605309658881e-01
1.002760174675688232e+00 2.302751907288352884e-01
1.002594757221015875e+00 2.842764413899933618e-01
1.002429106201653930e+00 2.549511342733108421e-01
1.002263238432915982e+00 2.532533530298846092e-01
1.002097170735538612e+00 2.865758082889217628e-01
1.001930919933916364e+00 2.292592396051708059e-01
1.001764502854346928e+00 3.043932444325865849e-01
1.001597936323279869e+00 2.262884702770745771e-01
1.001431237165574695e+00 2.933815548400245388e-01
1.001264422202762905e+00 2.474203275154328030e-01
1.001097508251320267e+00 2.612287817247685440e-01
1.000930512120943527e+00 2.818678379017181546e-01
1.000763450612836891e+00 2.322672476168610722e-01
1.000596340518003835e+00 3.045774028757008978e-01
1.000429198615549353e+00 2.265316657947368806e-01
1.000262041670987534e+00 2.943298187005287114e-01
1.000094886434558683e+00 2.491052935187611783e-01
9.999277496395548859e-01 2.594308270056689403e-01
9.997606480006528962e-01 2.861885071819877946e-01
9.995935982122566843e-01 2.302980284073959383e-01
9.994266169468483119e-01 3.060824451968433557e-01
9.992597208533470221e-01 2.299193342273868068e-01
9.990929265554786554e-01 2.872519429579574179e-01
9.989262506501529471e-01 2.603115456135108308e-01
9.987597097058508178e-01 2.484035418170854326e-01
9.985933202610211001e-01 2.977883842096413769e-01
9.984270988224858145e-01 2.267157071949376101e-01
9.982610618638571021e-01 3.033033585514790520e-01
9.980952258239610408e-01 2.413518014033031456e-01
9.979296071052746742e-01 2.690368722866586237e-01
9.977642220723702549e-01 2.819180916597402997e-01
9.975990870503707031e-01 2.331750186157860727e-01
9.974342183234164994e-01 3.072661880520700106e-01
9.972696321331397940e-01 2.316821647543856888e-01
9.971053446771523943e-01 2.850823926056043622e-01
9.969413721075423007e-01 2.676912857992932437e-01
9.967777305293802348e-01 2.425508812693308036e-01
9.966144359992398227e-01 3.048452930052275578e-01
9.964515045237249957e-01 2.284202326841158759e-01
9.962889520580106018e-01 2.948599312879999768e-01
9.961267945043926764e-01 2.584131807450528728e-01
9.959650477108514810e-01 2.503536143589259466e-01
9.958037274696233121e-01 3.014428919399759210e-01
9.956428495157850778e-01 2.281362808786858432e-01
9.954824295258499767e-01 2.995992262513619830e-01
9.953224831163732800e-01 2.542361045121744323e-01
9.951630258425718800e-01 2.544242767617586609e-01
9.950040731969521657e-01 3.000858876301792932e-01
9.948456406079517755e-01 2.285929749516153742e-01
9.946877434385921202e-01 3.007702638644018100e-01
9.945303969851421177e-01 2.546457732586066558e-01
9.943736164757939200e-01 2.540993347169565597e-01
9.942174170693506285e-01 3.017374392536777972e-01
9.940618138539242254e-01 2.291246204162857569e-01
9.939068218456483805e-01 2.987290108059150739e-01
9.937524559873984753e-01 2.595551605576343901e-01
9.935987311475281691e-01 2.495889741170266296e-01
9.934456621186144032e-01 3.057563158861663632e-01
9.932932636162155049e-01 2.306116179222306439e-01
9.931415502776422821e-01 2.925590734644244462e-01
9.929905366607385542e-01 2.693028350838203577e-01
9.928402372426754496e-01 2.420529000824737098e-01
9.926906664187578055e-01 3.097650689152652848e-01
9.925418385012411138e-01 2.353144677198720780e-01
9.923937677181616790e-01 2.809010159962119224e-01
9.922464682121783230e-01 2.836867027825445420e-01
9.920999540394263017e-01 2.341974302454604417e-01
9.919542391683825455e-01 3.093920200950677213e-01
9.918093374787438909e-01 2.462998183978891142e-01
9.916652627603166348e-01 2.638043920005393450e-01
9.915220287119187459e-01 2.999918000080351033e-01
9.913796489402927348e-01 2.306969590182365581e-01
9.912381369590324010e-01 2.993966626613151494e-01
9.910975061875202385e-01 2.657175464834959921e-01
9.909577699498770542e-01 2.449776308875810937e-01
9.908189414739241307e-01 3.109075744359415250e-01
9.906810338901566038e-01 2.374922203956928157e-01
9.905440602307296061e-01 2.777361420153320881e-01
9.904080334284549592e-01 2.910093981027096488e-01
9.902729663158119644e-01 2.325009166635126079e-01
9.901388716239679644e-01 3.059968866192886439e-01
9.900057619818116716e-01 2.588345895638557992e-01
9.898736499149990431e-01 2.507579017873516336e-01
9.897425478450095904e-01 3.103390441829013136e-01
9.896124680882153468e-01 2.362893609103232373e-01
9.894834228549619359e-01 2.809814369036727211e-01
9.893554242486598538e-01 2.904907567120519341e-01
9.892284842648900733e-01 2.331472321608991372e-01
9.891026147905185306e-01 3.059533240757516537e-01
9.889778276028240445e-01 2.618464939652624390e-01
9.888541343686375606e-01 2.483684316478209364e-01
9.887315466434921651e-01 3.121888728187949269e-01
9.886100758707865310e-01 2.400288397520435879e-01
9.884897333809569142e-01 2.741549390795453567e-01
9.883705303906643591e-01 2.985457549295034152e-01
9.882524780019891208e-01 2.326137794281334659e-01
9.881355872016412967e-01 2.989876132892312910e-01
9.880198688601781187e-01 2.745118503113800901e-01
9.879053337312357908e-01 2.400340105517935196e-01
9.877919924507713167e-01 3.124289166395817219e-01
9.876798555363158760e-01 2.515585827451765621e-01
9.875689333862395225e-01 2.583770108749420258e-01
9.874592362790263200e-01 3.102311275309734828e-01
9.873507743725614683e-01 2.370541782251847085e-01
9.872435577034293086e-01 2.811462920702066381e-01
9.871375961862214332e-01 2.954390926952683016e-01
9.870328996128580057e-01 2.334977030673056342e-01
9.869294776519168533e-01 3.010657355996035900e-01
9.868273398479764369e-01 2.750360441961594016e-01
9.867264956209673699e-01 2.401119409818673611e-01
9.866269542655363711e-01 3.124823412027377123e-01
9.865287249504200995e-01 2.557336768553249984e-01
9.864318167178298680e-01 2.542531128651059902e-01
9.863362384828466833e-01 3.132080724896132984e-01
9.862419990328280539e-01 2.417822215686858955e-01
9.861491070268235681e-01 2.722444338839503097e-01
9.860575709950023526e-01 3.046243730997367227e-01
9.859673993380909662e-01 2.348841610388279766e-01
9.858786003268196207e-01 2.901053847222664905e-01
9.857911821013832787e-01 2.902624978971191094e-01
9.857051526709068590e-01 2.349855422972755015e-01
9.856205199129265404e-01 3.043852599923090874e-01
9.855372915728778382e-01 2.740290554751635410e-01
9.854554752635946713e-01 2.410344323124776478e-01
9.853750784648187544e-01 3.128770100165186308e-01
9.852961085227189830e-01 2.590213604642120360e-01
9.852185726494210316e-01 2.514580829565001285e-01
9.851424779225457229e-01 3.149078878008525484e-01
9.850678312847598317e-01 2.471404459048363034e-01
9.849946395433339941e-01 2.644510996605460851e-01
9.849229093697123849e-01 3.111370871468323029e-01
9.848526472990907221e-01 2.392289189756168499e-01
9.847838597300058172e-01 2.782000207372107292e-01
9.847165529239327864e-01 3.030455739109974567e-01
9.846507330048938078e-01 2.353929454018472978e-01
9.845864059590748729e-01 2.910892555564287276e-01
9.845235776344531953e-01 2.923839012163405027e-01
9.844622537404339457e-01 2.353019118949261357e-01
9.844024398474956472e-01 3.018674298240979770e-01
9.843441413868470047e-01 2.807624570781473428e-01
9.842873636500898415e-01 2.383983614451061495e-01
9.842321117888954696e-01 3.097388356348878546e-01
9.841783908146870541e-01 2.694394106934723809e-01
9.841262055983329704e-01 2.440257966049676763e-01
9.840755608698488199e-01 3.143665024958005594e-01
9.840264612181082171e-01 2.592713338286493641e-01
9.839789110905649006e-01 2.515031118474919669e-01
9.839329147929807284e-01 3.158024865137636361e-01
9.838884764891661083e-01 2.507602209122264392e-01
9.838456002007263113e-01 2.601698484315004833e-01
9.838042898068192210e-01 3.143779648401177074e-01
9.837645490439216323e-01 2.441386138078301127e-01
9.837263815056037641e-01 2.694158844390484586e-01
9.836897906423127669e-01 3.105864931224474046e-01
9.836547797611665533e-01 2.394561956244231904e-01
9.836213520257550691e-01 2.787010951502379985e-01
9.835895104559500002e-01 3.049840128361301916e-01
9.835592579277262493e-01 2.366509595419542256e-01
9.835305971729884078e-01 2.875665865566486845e-01
9.835035307794088855e-01 2.981166542945081210e-01
9.834780611902730341e-01 2.356007240017737037e-01
9.834541907043350406e-01 2.956381768330050841e-01
9.834319214756799266e-01 2.904773007642180715e-01
9.834112555135963163e-01 2.361569321030188295e-01
9.833921946824575322e-01 3.026232673307410193e-01
9.833747407016106834e-01 2.824860588319893506e-01
9.833588951452747473e-01 2.381646551552407398e-01
9.833446594424486431e-01 3.083029498623164333e-01
9.833320348768245234e-01 2.744877174981315560e-01
9.833210225867140553e-01 2.414726071151403752e-01
9.833116235649801418e-01 3.125215900931946345e-01
9.833038386589785240e-01 2.667596037896900474e-01
9.832976685705077102e-01 2.459361005618720952e-01
9.832931138557676753e-01 3.151760988499897054e-01
9.832901749253271095e-01 2.595246514639095170e-01
9.832888520440992153e-01 2.514149153960025251e-01
