9.832887700534760356e-01 2.567620683570045470e-01
9.832895781413983904e-01 2.567615579727619557e-01
9.832920023323267200e-01 3.157928987173950763e-01
9.832960424077469286e-01 2.480554410495608153e-01
9.833016980034838816e-01 2.637262717005701695e-01
9.833089686097227222e-01 3.137994514985179006e-01
9.833178535710384027e-01 2.431722229999217777e-01
9.833283520864346539e-01 2.712424885708078492e-01
9.833404632093908360e-01 3.102305918454728584e-01
9.833541858479186715e-01 2.393866006172521432e-01
9.833695187646260827e-01 2.791058761159166957e-01
9.833864605767902445e-01 3.051789259412166500e-01
9.834050097564394077e-01 2.368300812143979417e-01
9.834251646304434935e-01 2.870686299639954031e-01
9.834469233806132360e-01 2.987813305817490495e-01
9.834702840438070970e-01 2.356395761044826620e-01
9.834952445120488385e-01 2.948261956457741695e-01
9.835218025326514235e-01 2.912279171779814102e-01
9.835499557083519084e-01 2.359574910717107676e-01
9.835797014974531072e-01 3.020071306663840716e-01
9.836110372139756919e-01 2.827718558140636107e-01
9.836439600278173989e-01 2.379260096816094017e-01
9.836784669649225599e-01 3.081701382651918508e-01
9.837145549074602924e-01 2.737381537507997953e-01
9.837522205940091302e-01 2.416733269320732458e-01
9.837914606197550871e-01 3.128137372173355746e-01
9.838322714366934951e-01 2.645293030601462148e-01
9.838746493538444993e-01 2.472886917164325848e-01
9.839185905374727703e-01 3.154049411890584853e-01
9.839640910113213179e-01 2.556258566089581463e-01
9.840111466568493004e-01 2.547825466214501677e-01
9.840597532134831571e-01 3.154327234919917511e-01
9.841099062788732921e-01 2.475804793718688057e-01
9.841616013091628590e-01 2.640286914071867663e-01
9.842148336192633185e-01 3.124886779864640696e-01
9.842695983831402096e-01 2.410045909417769805e-01
9.843258906341086911e-01 2.746887883457649893e-01
9.843837052651369657e-01 3.063701510059051447e-01
9.844430370291603616e-01 2.365466286540356122e-01
9.845038805394035197e-01 2.861277888191963714e-01
9.845662302697123502e-01 2.971905287717873101e-01
9.846300805548963142e-01 2.348589493650720950e-01
9.846954255910785880e-01 2.973437108630943015e-01
9.847622594360568860e-01 2.854702434767109609e-01
9.848305760096733863e-01 2.365450274612728165e-01
9.849003690941932065e-01 3.069553869344132657e-01
9.849716323346955349e-01 2.721763805528772395e-01
9.850443592394699799e-01 2.420696254665722635e-01
9.851185431804264647e-01 3.133088863153174475e-01
9.851941773935130042e-01 2.586854541302284760e-01
9.852712549791433627e-01 2.516056991628140560e-01
9.853497689026352591e-01 3.147584541480500930e-01
9.854297119946573424e-01 2.466652637879229448e-01
9.855110769516869373e-01 2.647948265883688368e-01
9.855938563364777805e-01 3.101268393396910406e-01
9.856780425785371946e-01 2.378984991134835414e-01
9.857636279746132546e-01 2.804355662490835566e-01
9.858506046891933883e-01 2.992451924639967786e-01
9.859389647550111935e-01 2.340802458821287235e-01
9.860287000735645790e-01 2.962106122898151006e-01
9.861198024156442310e-01 2.833565858599877973e-01
9.862122634218722927e-01 2.365886544347407250e-01
9.863060746032504822e-01 3.087075254728418039e-01
9.864012273417195331e-01 2.651392168511154668e-01
9.864977128907297388e-01 2.461525900082103535e-01
9.865955223758196002e-01 3.140692500054658720e-01
9.866946467952077970e-01 2.482518913622392687e-01
9.867950770203932631e-01 2.622860078680841478e-01
9.868968037967684737e-01 3.094127670280003017e-01
9.869998177442407261e-01 2.365679709240261219e-01
9.871041093578660774e-01 2.824797721083742164e-01
9.872096690084932735e-01 2.945577644732253475e-01
9.873164869434184476e-01 2.334019067738135056e-01
9.874245532870512543e-01 3.016020101635671913e-01
9.875338580415915501e-01 2.729774265954119650e-01
9.876443910877160670e-01 2.408147066115545187e-01
9.877561421852786294e-01 3.125928638196236453e-01
9.878691009740184770e-01 2.510478522766106946e-01
9.879832569742813542e-01 2.586428405862033486e-01
9.880985995877523687e-01 3.094221710084514854e-01
9.882151180981978422e-01 2.359009380208262618e-01
9.883328016722204845e-01 2.829197469351832916e-01
9.884516393600244477e-01 2.913461492533602759e-01
9.885716200961928157e-01 2.332301029025938000e-01
9.886927327004754185e-01 3.047127140185813543e-01
9.888149658785891916e-01 2.649858737155826316e-01
9.889383082230281952e-01 2.456975138361805755e-01
9.890627482138872884e-01 3.124279665919530435e-01
9.891882742196954625e-01 2.416168790180809323e-01
9.893148744982624976e-01 2.708931150686547662e-01
9.894425371975347216e-01 2.993367025640047419e-01
9.895712503564650930e-01 2.318043104097014251e-01
9.897010019058934960e-01 2.985577396113113791e-01
9.898317796694381387e-01 2.709034317516261781e-01
9.899635713644007184e-01 2.414150118547433999e-01
9.900963646026810228e-01 3.118633005979595807e-01
9.902301468917048544e-01 2.428541594449557528e-01
9.903649056353632796e-01 2.685922157501208218e-01
9.905006281349633124e-01 2.989570910679011928e-01
9.906373015901911439e-01 2.311504054804429942e-01
9.907749131000868070e-01 2.995402954756377079e-01
9.909134496640309431e-01 2.667526169544149339e-01
9.910528981827432249e-01 2.439627616530779530e-01
9.911932454592932151e-01 3.108798265126843097e-01
9.913344782001217714e-01 2.376650268975565028e-01
9.914765830160773286e-01 2.766878382847835494e-01
9.916195464234600632e-01 2.898006966897622716e-01
9.917633548450823788e-01 2.320256620029119143e-01
9.919079946113378288e-01 3.066188206993740173e-01
9.920534519612843605e-01 2.526526279449111678e-01
9.921997130437376633e-01 2.560991732450001446e-01
9.923467639183790601e-01 3.041405041345162097e-01
9.924945905568726134e-01 2.305430499616617501e-01
9.926431788439959991e-01 2.944046406147979855e-01
9.927925145787830363e-01 2.683792546485798125e-01
9.929425834756783198e-01 2.424251155666233282e-01
9.930933711657030649e-01 3.094160380015921197e-01
9.932448631976341646e-01 2.344788968486172798e-01
9.933970450391936824e-01 2.817857995918297553e-01
9.935499020782521118e-01 2.803643822595445756e-01
9.937034196240426276e-01 2.350200194297681899e-01
9.938575829083867719e-01 3.093008104171633965e-01
9.940123770869325748e-01 2.393627881384169376e-01
9.941677872404053318e-01 2.726029843868866265e-01
9.943237983758679288e-01 2.873361585236355875e-01
9.944803954279970437e-01 2.316395663218247525e-01
9.946375632603655648e-01 3.076622651263776209e-01
9.947952866667423288e-01 2.423164298506504666e-01
9.949535503723997421e-01 2.680425124578851848e-01
9.951123390354343901e-01 2.896307886864156189e-01
9.952716372481004159e-01 2.304583014039125743e-01
9.954314295381520017e-01 3.068265429953643819e-01
9.955917003701996171e-01 2.419920321543385378e-01
9.957524341470764817e-01 2.683000694686638599e-01
9.959136152112171292e-01 2.876078225039906955e-01
9.960752278460472953e-01 2.308702965889043168e-01
9.962372562773841311e-01 3.072685202717418962e-01
9.963996846748496283e-01 2.382864974293482929e-01
9.965624971532934806e-01 2.734544880924278387e-01
9.967256777742272700e-01 2.809297642532978534e-01
9.968892105472708653e-01 2.337233961673010063e-01
9.970530794316085910e-01 3.075347436418866542e-01
9.972172683374572744e-01 2.323939241190464966e-01
9.973817611275435091e-01 2.832782198218143921e-01
9.975465416185941292e-01 2.689466650536587178e-01
9.977115935828345661e-01 2.411764812378028588e-01
9.978769007494999732e-01 3.041228570412862209e-01
9.980424468063552323e-01 2.272571222540074320e-01
9.982082154012269504e-01 2.958591751170712714e-01
9.983741901435441157e-01 2.522613453206298817e-01
9.985403546058886359e-01 2.557810841090772391e-01
9.987066923255591977e-01 2.923305458316798333e-01
9.988731868061402341e-01 2.278628833801067122e-01
9.990398215190846587e-01 3.053720173035518459e-01
9.992065799053040376e-01 2.349421619066993927e-01
9.993734453767694204e-01 2.777215156879102587e-01
9.995404013181212743e-01 2.698370131562506380e-01
9.997074310882885229e-01 2.402215824089209972e-01
9.998745180221169093e-01 3.017120829901410728e-01
1.000041645432006687e+00 2.255255968622633667e-01
1.000208796609559192e+00 2.995088221181035903e-01
1.000375954827231517e+00 2.423717486520314546e-01
1.000543103340000073e+00 2.669257801330648938e-01
1.000710225387033914e+00 2.777448070636846511e-01
1.000877304193374062e+00 2.345401892733067761e-01
1.001044322971623046e+00 3.032722263451241851e-01
1.001211264923641098e+00 2.252505932480494133e-01
1.001378113242250345e+00 2.970397142508751642e-01
1.001544851112948553e+00 2.429229071824962893e-01
1.001711461715626639e+00 2.660938113374217151e-01
1.001877928226297509e+00 2.757654793197966137e-01
1.002044233818828900e+00 2.356108367436549056e-01
1.002210361666685312e+00 3.010307672897878373e-01
1.002376294944675506e+00 2.241048573381542452e-01
1.002542016830706650e+00 3.001372683746666992e-01
1.002707510507546251e+00 2.358681503246017608e-01
1.002872759164587846e+00 2.752171540081977952e-01
1.003037745999624697e+00 2.638104462066116485e-01
1.003202454220628370e+00 2.447050040247648606e-01
1.003366867047533972e+00 2.920751015280044771e-01
1.003530967714028721e+00 2.257871805281564392e-01
1.003694739469347619e+00 3.034917881064453926e-01
1.003858165580072903e+00 2.257330910334659768e-01
1.004021229331939491e+00 2.918093267676072355e-01
1.004183914031643088e+00 2.431130781827822995e-01
1.004346203008654514e+00 2.656231753862522416e-01
1.004508079617036698e+00 2.698886151451557192e-01
1.004669527237266102e+00 2.395883626519413612e-01
1.004830529278057050e+00 2.935296393495076539e-01
1.004991069178191365e+00 2.244599100130766633e-01
1.005151130408348248e+00 3.026142527904378543e-01
1.005310696472939025e+00 2.242517047871060154e-01
1.005469750911944793e+00 2.935831286942446328e-01
1.005628277302753837e+00 2.377402877896775957e-01
1.005786259262004601e+00 2.721193772839702874e-01
1.005943680447427768e+00 2.598617277473464493e-01
1.006100524559691456e+00 2.481362359072290802e-01
1.006256775344247512e+00 2.827705730255110073e-01
1.006412416593177817e+00 2.299362858082265038e-01
1.006567432147043251e+00 2.982240161594921224e-01
1.006721805896731770e+00 2.218143868545958686e-01
1.006875521785306704e+00 3.010528212292741257e-01
1.007028563809856170e+00 2.245567197701266449e-01
1.007180916023341144e+00 2.913014792963775634e-01
1.007332562536443321e+00 2.365528999001883237e-01
1.007483487519412524e+00 2.733930311661890711e-01
1.007633675203911894e+00 2.544720027808377583e-01
1.007783109884862638e+00 2.533263049268278388e-01
1.007931775922287443e+00 2.738161112407884179e-01
1.008079657743149671e+00 2.361345562274622945e-01
1.008226739843193887e+00 2.898797502393579695e-01
1.008373006788779724e+00 2.248130377384852385e-01
1.008518443218715532e+00 2.990429584773087179e-01
1.008663033846089130e+00 2.204596081819613640e-01
1.008806763460092792e+00 2.997755423830310018e-01
1.008949616927846016e+00 2.228432727818746573e-01
1.009091579196214949e+00 2.928035338240061458e-01
1.009232635293624281e+00 2.308854156850902450e-01
1.009372770331869340e+00 2.804443707266839891e-01
1.009511969507918216e+00 2.429539525606947414e-01
1.009650218105711650e+00 2.655874278695770641e-01
1.009787501497956708e+00 2.570814624082836675e-01
1.009923805147912912e+00 2.508375069160039272e-01
1.010059114611175479e+00 2.712161554079029480e-01
1.010193415537447903e+00 2.380687964022202008e-01
1.010326693672311205e+00 2.835174868454297115e-01
1.010458934858983415e+00 2.283541372213744869e-01
1.010590125040074172e+00 2.926257432402228909e-01
1.010720250259327768e+00 2.221059591689936996e-01
1.010849296663362207e+00 2.978198558231761606e-01
1.010977250503397151e+00 2.192768821354049713e-01
1.011104098136973883e+00 2.990224454690863509e-01
1.011229826029665713e+00 2.195352897472815645e-01
1.011354420756780392e+00 2.966734488709675266e-01
1.011477869005050767e+00 2.223911823971685409e-01
1.011600157574316983e+00 2.915341329642563983e-01
1.011721273379198482e+00 2.272794703892359602e-01
1.011841203450753124e+00 2.844880348001332382e-01
1.011959934938128081e+00 2.336162696207240985e-01
1.012077455110198088e+00 2.763844053586804184e-01
1.012193751357192140e+00 2.408402259141674551e-01
1.012308811192308200e+00 2.679415402032975235e-01
1.012422622253315696e+00 2.484444821080589172e-01
1.012535172304146025e+00 2.597055603300187920e-01
1.012646449236469959e+00 2.560002143383762196e-01
1.012756441071261282e+00 2.520493732155476563e-01
1.012865135960347329e+00 2.631708558757653860e-01
1.012972522187946200e+00 2.451948423847062908e-01
1.013078588172189320e+00 2.697165107472566103e-01
1.013183322466629344e+00 2.392445097398845089e-01
1.013286713761734958e+00 2.754893941825539705e-01
1.013388750886368372e+00 2.342140001900998580e-01
1.013489422809248808e+00 2.804223929670928706e-01
1.013588718640400899e+00 2.300604583118292801e-01
1.013686627632586656e+00 2.845134838945055922e-01
1.013783139182719673e+00 2.267053025195712446e-01
1.013878242833266441e+00 2.878087079724098163e-01
1.013971928273627032e+00 2.240512764994127826e-01
1.014064185341501334e+00 2.903858679911843765e-01
1.014155004024237750e+00 2.219945656637895004e-01
1.014244374460162357e+00 2.923403731571789232e-01
1.014332286939892080e+00 2.204329844459136101e-01
1.014418731907629434e+00 2.937739264046613785e-01
1.014503699962438832e+00 2.192711983079915494e-01
1.014587181859502030e+00 2.947861730476713515e-01
1.014669168511358688e+00 2.184237912065485065e-01
1.014749650989124508e+00 2.954690494390129762e-01
1.014828620523690494e+00 2.178168144106688298e-01
1.014906068506902903e+00 2.959033726699892286e-01
1.014981986492724086e+00 2.173882953285508901e-01
1.015056366198370474e+00 2.961571534132779182e-01
1.015129199505433011e+00 2.170880571113519286e-01
1.015200478460974942e+00 2.962851442862017848e-01
1.015270195278608956e+00 2.168771008260268751e-01
1.015338342339553890e+00 2.963292131471386148e-01
1.015404912193669240e+00 2.167267270300805571e-01
1.015469897560468127e+00 2.963192238863195382e-01
1.015533291330108279e+00 2.166175174954650118e-01
1.015595086564361704e+00 2.962741974448850901e-01
1.015655276497561044e+00 2.165382562514965026e-01
1.015713854537523497e+00 2.962036030121367181e-01
1.015770814266452993e+00 2.164848387724268852e-01
1.015826149441818371e+00 2.961086898307984661e-01
1.015879853997208704e+00 2.164591967191547284e-01
1.015931922043165736e+00 2.959838136878197301e-01
1.015982347867992353e+00 2.164682513069013936e-01
1.016031125938537505e+00 2.958177407677045623e-01
1.016078250900957158e+00 2.165228996031636766e-01
1.016123717581451924e+00 2.955949276228250211e-01
1.016167520986979156e+00 2.166370337333567153e-01
1.016209656305942399e+00 2.952967822234665585e-01
1.016250118908854194e+00 2.168265918256756519e-01
1.016288904348976896e+00 2.949029099056616476e-01
1.016326008362936184e+00 2.171086406172433869e-01
1.016361426871310814e+00 2.943923418487197630e-01
1.016395155979197940e+00 2.175004921815406889e-01
1.016427191976751798e+00 2.937447346122059044e-01
1.016457531339697740e+00 2.180188603485984089e-01
1.016486170729821170e+00 2.929415192162748705e-01
1.016513106995430737e+00 2.186790657113969194e-01
1.016538337171795536e+00 2.919669690660479100e-01
1.016561858481556557e+00 2.194943009899469055e-01
1.016583668335112822e+00 2.908091492985837023e-01
1.016603764330981541e+00 2.204749709496712229e-01
1.016622144256131399e+00 2.894607071389348474e-01
1.016638806086290980e+00 2.216281225293837420e-01
1.016653747986229872e+00 2.879194644290443694e-01
1.016666968310014019e+00 2.229569814331676392e-01
1.016678465601236203e+00 2.861887798964563023e-01
1.016688238593216553e+00 2.244606109126850157e-01
1.016696286209180622e+00 2.842776596249784737e-01
1.016702607562409488e+00 2.261337066793132899e-01
1.016707201956362105e+00 2.822006085795181196e-01
1.016710068884773221e+00 2.279665388323486308e-01
1.016711208031724212e+00 2.799772324752098918e-01
1.016710619271685712e+00 2.299450471237831917e-01
1.016708302669536712e+00 2.776316159432380970e-01
1.016704258480554790e+00 2.320510900374089525e-01
1.016698487150380359e+00 2.751915180185927068e-01
1.016690989314954496e+00 2.342628409721003446e-01
1.016681765800431680e+00 2.726874377732741439e-01
1.016670817623062328e+00 2.365553168592766375e-01
1.016658145989053130e+00 2.701516103043113404e-01
1.016643752294398739e+00 2.389010162225604639e-01
1.016627638124686595e+00 2.676169956005018391e-01
1.016609805254876653e+00 2.412706358434930365e-01
1.016590255649054031e+00 2.651163201503905498e-01
1.016568991460157001e+00 2.436338285826697148e-01
1.016546015029675232e+00 2.626812241335477749e-01
1.016521328887326714e+00 2.459599604920088278e-01
1.016494935750703599e+00 2.603415567082104642e-01
1.016466838524897165e+00 2.482188236661056480e-01
1.016437040302091921e+00 2.581248495915489105e-01
1.016405544361138613e+00 2.503812629628047182e-01
1.016372354167097480e+00 2.560559861360396927e-01
1.016337473370758859e+00 2.524196797516758961e-01
1.016300905808136701e+00 2.541570705310630118e-01
1.016262655499937440e+00 2.543083840447200594e-01
1.016222726651003327e+00 2.524474905399405888e-01
1.016181123649731122e+00 2.560237772042225357e-01
1.016137851067464570e+00 2.509441576944412833e-01
1.016092913657864027e+00 2.575443600821212820e-01
1.016046316356249202e+00 2.496619012891363454e-01
1.015998064278919699e+00 2.588505751130483756e-01
1.015948162722448034e+00 2.486139866219227723e-01
1.015896617162952431e+00 2.599245048082916565e-01
1.015843433255341210e+00 2.478127231694872146e-01
1.015788616832537183e+00 2.607494626507056990e-01
1.015732173904675406e+00 2.472701241421373930e-01
1.015674110658279394e+00 2.613095252758050879e-01
1.015614433455411802e+00 2.469985742661416628e-01
1.015553148832804897e+00 2.615890670049771383e-01
1.015490263500965273e+00 2.470114567709855991e-01
1.015425784343256366e+00 2.615723692938111133e-01
1.015359718414960311e+00 2.473236824865831796e-01
1.015292072942314938e+00 2.612433886474141431e-01
1.015222855321529671e+00 2.479520526210115539e-01
1.015152073117780107e+00 2.605857767847333806e-01
1.015079734064179284e+00 2.489153713756889208e-01
1.015005846060728523e+00 2.595832555507973649e-01
1.014930417173247168e+00 2.502342042535105060e-01
1.014853455632281021e+00 2.582204546718391280e-01
1.014774969831989004e+00 2.519301525471871472e-01
1.014694968329010960e+00 2.564843199772184335e-01
1.014613459841313681e+00 2.540244847423979713e-01
1.014530453247016961e+00 2.543661891858494117e-01
1.014445957583202107e+00 2.565359340045721415e-01
1.014359982044696684e+00 2.518646064300953946e-01
1.014272535982843948e+00 2.594774431834461770e-01
1.014183628904250956e+00 2.489888999492505806e-01
1.014093270469518471e+00 2.628516257451395388e-01
1.014001470491952439e+00 2.457634751644407478e-01
1.013908238936257478e+00 2.666447312523951285e-01
1.013813585917211268e+00 2.422326764014374467e-01
1.013717521698322965e+00 2.708189868280443391e-01
1.013620056690472948e+00 2.384659490321809072e-01
1.013521201450534814e+00 2.753033734216625561e-01
1.013420966679983382e+00 2.345629018017739154e-01
1.013319363223482261e+00 2.799832411999008674e-01
1.013216402067458333e+00 2.306577458901490074e-01
1.013112094338658897e+00 2.846897277561298290e-01
1.013006451302692401e+00 2.269224949146908532e-01
1.012899484362555613e+00 2.891907504660237160e-01
1.012791205057144150e+00 2.235682613037056343e-01
1.012681625059749235e+00 2.931863683922312225e-01
1.012570756176538911e+00 2.208439637435478387e-01
1.012458610345026377e+00 2.963123839834221895e-01
1.012345199632523007e+00 2.190317007678836692e-01
1.012230536234578926e+00 2.981568052084466180e-01
1.012114632473410047e+00 2.184378155929968257e-01
1.011997500796312233e+00 2.982935922561981146e-01
1.011879153774061679e+00 2.193780986994156856e-01
1.011759604099304433e+00 2.963361852334787105e-01
1.011638864584934128e+00 2.221545087602574686e-01
1.011516948162455964e+00 2.920090165161701168e-01
1.011393867880340913e+00 2.270193321680917808e-01
1.011269636902369484e+00 2.852286471314409155e-01
1.011144268505962174e+00 2.341214919506374448e-01
1.011017776080502584e+00 2.761788219645757714e-01
1.010890173125647218e+00 2.434303460860343382e-01
1.010761473249629061e+00 2.653587639257753983e-01
1.010631690167547614e+00 2.546375103753938940e-01
1.010500837699653598e+00 2.535853714183037289e-01
1.010368929769621893e+00 2.670502434537118108e-01
1.010235980402817813e+00 2.419400447281923605e-01
1.010102003724554054e+00 2.795120772499007922e-01
1.009967013958339876e+00 2.316674586698864724e-01
1.009831025424122952e+00 2.904123253706413776e-01
1.009694052536524334e+00 2.240484881973972275e-01
1.009556109803065871e+00 2.978586851211171838e-01
1.009417211822390081e+00 2.202710328359687719e-01
1.009277373282476242e+00 3.000587834311370661e-01
1.009136608958847381e+00 2.213028333071305198e-01
1.008994933712773934e+00 2.958671142216909300e-01
1.008852362489470966e+00 2.277347246992159069e-01
1.008708910316290286e+00 2.853248466386120730e-01
1.008564592300907670e+00 2.395365018289211945e-01
1.008419423629506317e+00 2.699353262995378699e-01
1.008273419564954976e+00 2.556961399145583624e-01
1.008126595444983398e+00 2.524818110471804267e-01
1.007978966680353139e+00 2.738422109249363801e-01
1.007830548753026356e+00 2.364204628526574425e-01
1.007681357214329720e+00 2.901636749915170177e-01
1.007531407683117664e+00 2.251212259775934310e-01
1.007380715843932295e+00 3.000736872233923380e-01
1.007229297445160654e+00 2.212606152509175306e-01
1.007077168297191294e+00 2.998102805993515529e-01
1.006924344270568872e+00 2.264214637904087002e-01
1.006770841294146512e+00 2.884113880842337774e-01
1.006616675353240176e+00 2.406325208828636320e-01
1.006461862487778136e+00 2.687881073503590179e-01
1.006306418790453794e+00 2.615791668991864216e-01
1.006150360404876487e+00 2.469192260621676516e-01
1.005993703523722305e+00 2.838386878679581282e-01
1.005836464386887119e+00 2.296054112356380184e-01
1.005678659279638287e+00 2.994517504800060514e-01
1.005520304530768572e+00 2.223087727718938145e-01
1.005361416510750283e+00 3.010982249547030087e-01
1.005202011629892533e+00 2.279981646102300086e-01
1.005042106336499153e+00 2.868012441968054715e-01
1.004881717115028161e+00 2.463471017346607062e-01
1.004720860484254352e+00 2.622473435579004697e-01
1.004559552995434979e+00 2.723214199596662444e-01
1.004397811230476778e+00 2.380301735102591798e-01
1.004235651800106544e+00 2.954046778124204131e-01
1.004073091342046142e+00 2.242555719913721102e-01
1.003910146519188640e+00 3.031541297440136229e-01
1.003746834017780643e+00 2.269253790219258327e-01
1.003583170545607528e+00 2.897723468302187966e-01
1.003419172830182005e+00 2.464947157374272613e-01
1.003254857616939333e+00 2.621466668620301976e-01
1.003090241667434546e+00 2.759248967608649017e-01
1.002925341757546995e+00 2.356077902137999058e-01
1.002760174675688232e+00 2.997815156791189262e-01
1.002594757221015875e+00 2.240135089221319542e-01
1.002429106201653930e+00 3.016240958749922263e-01
1.002263238432915982e+00 2.338622834135548334e-01
1.002097170735538612e+00 2.786983030834924713e-01
1.001930919933916364e+00 2.621062629111944875e-01
1.001764502854346928e+00 2.466189388053363074e-01
1.001597936323279869e+00 2.933988845335538387e-01
1.001431237165574695e+00 2.263425059637691195e-01
1.001264422202762905e+00 3.046233730459722566e-01
1.001097508251320267e+00 2.304057146633090303e-01
1.000930512120943527e+00 2.849973413926636390e-01
1.000763450612836891e+00 2.582490978563347084e-01
1.000596340518003835e+00 2.501619347574619567e-01
1.000429198615549353e+00 2.928099139403142481e-01
1.000262041670987534e+00 2.271257447733469048e-01
1.000094886434558683e+00 3.051679156034701745e-01
9.999277496395548859e-01 2.323934174332411284e-01
9.997606480006528962e-01 2.820796688201714364e-01
9.995935982122566843e-01 2.643057762313925085e-01
9.994266169468483119e-01 2.449198411135616871e-01
9.992597208533470221e-01 2.991241264080586326e-01
9.990929265554786554e-01 2.261424227136096532e-01
9.989262506501529471e-01 3.023746808771062833e-01
9.987597097058508178e-01 2.412218561784452986e-01
9.985933202610211001e-01 2.690843932769543811e-01
9.984270988224858145e-01 2.803071809479944498e-01
9.982610618638571021e-01 2.338775990943030014e-01
9.980952258239610408e-01 3.065953721331758919e-01
9.979296071052746742e-01 2.298025217927949782e-01
9.977642220723702549e-01 2.886993728388179137e-01
9.975990870503707031e-01 2.620058736114667663e-01
9.974342183234164994e-01 2.470421890898802375e-01
9.972696321331397940e-01 3.011193952119336492e-01
9.971053446771523943e-01 2.272373757941635319e-01
9.969413721075423007e-01 3.003062589434653540e-01
9.967777305293802348e-01 2.494549291386040646e-01
9.966144359992398227e-01 2.593269624822479025e-01
9.964515045237249957e-01 2.934666559410863407e-01
9.962889520580106018e-01 2.288578826532157717e-01
9.961267945043926764e-01 3.056247353051527171e-01
9.959650477108514810e-01 2.426971082055553453e-01
9.958037274696233121e-01 2.676571798479211450e-01
9.956428495157850778e-01 2.880909039476955424e-01
9.954824295258499767e-01 2.310545722549382786e-01
9.953224831163732800e-01 3.076111606400077636e-01
9.951630258425718800e-01 2.403289712344890416e-01
9.950040731969521657e-01 2.711608319727598637e-01
9.948456406079517755e-01 2.867497752857270377e-01
9.946877434385921202e-01 2.319163134959279504e-01
9.945303969851421177e-01 3.081222719871053450e-01
9.943736164757939200e-01 2.414214634725294906e-01
9.942174170693506285e-01 2.697931510751269690e-01
9.940618138539242254e-01 2.897656531430592985e-01
9.939068218456483805e-01 2.311343609155359358e-01
9.937524559873984753e-01 3.072178691869776879e-01
9.935987311475281691e-01 2.461153827398007143e-01
9.934456621186144032e-01 2.636894590624037638e-01
9.932932636162155049e-01 2.965206424870359680e-01
9.931415502776422821e-01 2.298876179556372523e-01
9.929905366607385542e-01 3.032456999204714565e-01
9.928402372426754496e-01 2.554449854389870267e-01
9.926906664187578055e-01 2.535129834455971398e-01
9.925418385012411138e-01 3.049662311930918523e-01
9.923937677181616790e-01 2.308267157843282846e-01
9.922464682121783230e-01 2.935935367987241307e-01
9.920999540394263017e-01 2.703861844294909167e-01
9.919542391683825455e-01 2.415002378750932266e-01
9.918093374787438909e-01 3.106607755302587259e-01
9.916652627603166348e-01 2.377781527109628368e-01
9.915220287119187459e-01 2.766512075114831437e-01
9.913796489402927348e-01 2.897523004198151453e-01
9.912381369590324010e-01 2.323729225574785451e-01
9.910975061875202385e-01 3.069566831088467174e-01
9.909577699498770542e-01 2.543707522750535688e-01
9.908189414739241307e-01 2.548358199394579748e-01
9.906810338901566038e-01 3.071781307768672309e-01
9.905440602307296061e-01 2.329582608990379555e-01
9.904080334284549592e-01 2.888867506935257623e-01
9.902729663158119644e-01 2.803858945951315795e-01
9.901388716239679644e-01 2.363704495278612094e-01
9.900057619818116716e-01 3.105757461624348847e-01
9.898736499149990431e-01 2.494899132603672631e-01
9.897425478450095904e-01 2.603017581491542942e-01
9.896124680882153468e-01 3.058272227918759079e-01
9.894834228549619359e-01 2.329631877427127962e-01
9.893554242486598538e-01 2.907448695920964998e-01
9.892284842648900733e-01 2.810202043700468777e-01
9.891026147905185306e-01 2.364537036175116125e-01
9.889778276028240445e-01 3.104589645179784974e-01
9.888541343686375606e-01 2.532607455742281743e-01
9.887315466434921651e-01 2.563177339810471800e-01
9.886100758707865310e-01 3.095248679852699580e-01
9.884897333809569142e-01 2.358194926381650125e-01
9.883705303906643591e-01 2.831335401969719556e-01
9.882524780019891208e-01 2.910795861974971865e-01
9.881355872016412967e-01 2.335630746162237759e-01
9.880198688601781187e-01 3.051051457386830257e-01
9.879053337312357908e-01 2.662663719003419693e-01
9.877919924507713167e-01 2.452164266314882934e-01
9.876798555363158760e-01 3.134149030259060775e-01
9.875689333862395225e-01 2.455740860936332648e-01
9.874592362790263200e-01 2.658399825017246920e-01
9.873507743725614683e-01 3.063906947072738141e-01
9.872435577034293086e-01 2.346399502308959273e-01
9.871375961862214332e-01 2.884387710365343138e-01
9.870328996128580057e-01 2.888923539022674181e-01
9.869294776519168533e-01 2.346741092212709656e-01
9.868273398479764369e-01 3.060048276332709705e-01
9.867264956209673699e-01 2.682115542594434299e-01
9.866269542655363711e-01 2.441561768815100897e-01
9.865287249504200995e-01 3.139081694932590594e-01
9.864318167178298680e-01 2.503585476451413161e-01
9.863362384828466833e-01 2.600204708177028534e-01
9.862419990328280539e-01 3.112329725357331767e-01
9.861491070268235681e-01 2.386741253265339535e-01
9.860575709950023526e-01 2.784019787907765497e-01
9.859673993380909662e-01 3.002789173043711179e-01
9.858786003268196207e-01 2.341773846942294957e-01
9.857911821013832787e-01 2.954028504314032411e-01
9.857051526709068590e-01 2.848828963989935015e-01
9.856205199129265404e-01 2.364112152997176752e-01
9.855372915728778382e-01 3.079237223571441584e-01
9.854554752635946713e-01 2.687716621196751254e-01
9.853750784648187544e-01 2.441095183083127063e-01
9.852961085227189830e-01 3.142625537592318996e-01
9.852185726494210316e-01 2.546531273672303364e-01
9.851424779225457229e-01 2.555950521337553849e-01
9.850678312847598317e-01 3.142337395472923345e-01
9.849946395433339941e-01 2.440450444223597193e-01
9.849229093697123849e-01 2.690357846524463192e-01
9.848526472990907221e-01 3.088343266823729283e-01
9.847838597300058172e-01 2.375071841902806347e-01
9.847165529239327864e-01 2.826624979389448789e-01
9.846507330048938078e-01 2.996919823811827199e-01
9.845864059590748729e-01 2.349708795367541625e-01
9.845235776344531953e-01 2.949656117061090210e-01
9.844622537404339457e-01 2.885463094548485485e-01
9.844024398474956472e-01 2.360111622554725286e-01
9.843441413868470047e-01 3.048398686167353433e-01
9.842873636500898415e-01 2.769045665629683017e-01
9.842321117888954696e-01 2.400266028651064643e-01
9.841783908146870541e-01 3.116462833583986125e-01
9.841262055983329704e-01 2.658903866536789229e-01
9.840755608698488199e-01 2.463460675600597782e-01
9.840264612181082171e-01 3.151880324929171029e-01
9.839789110905649006e-01 2.562340362670995075e-01
9.839329147929807284e-01 2.542912576998400676e-01
9.838884764891661083e-01 3.156233825495025624e-01
9.838456002007263113e-01 2.483376236826684291e-01
9.838042898068192210e-01 2.632157494587125113e-01
9.837645490439216323e-01 3.133501437631459607e-01
9.837263815056037641e-01 2.423636841783984308e-01
9.836897906423127669e-01 2.725309996893038322e-01
9.836547797611665533e-01 3.088925181560885913e-01
9.836213520257550691e-01 2.383177293662896434e-01
9.835895104559500002e-01 2.817231105825735438e-01
9.835592579277262493e-01 3.028097237843666023e-01
9.835305971729884078e-01 2.361129169782710813e-01
9.835035307794088855e-01 2.903613960267555916e-01
9.834780611902730341e-01 2.956336543934400818e-01
9.834541907043350406e-01 2.356152845475026347e-01
9.834319214756799266e-01 2.980994951292799122e-01
9.834112555135963163e-01 2.878341189391507293e-01
9.833921946824575322e-01 2.366724932108272006e-01
9.833747407016106834e-01 3.046704218401523057e-01
9.833588951452747473e-01 2.798057625533132420e-01
9.833446594424486431e-01 2.391301149615157606e-01
9.833320348768245234e-01 3.098775753120222576e-01
9.833210225867140553e-01 2.718696658615670780e-01
9.833116235649801418e-01 2.428390181790600066e-01
9.833038386589785240e-01 3.135839854518374104e-01
9.832976685705077102e-01 2.642834328234829888e-01
9.832931138557676753e-01 2.476564519408678278e-01
9.832901749253271095e-01 3.157019187278074512e-01
9.832888520440992153e-01 2.572551287520575825e-01
