1.000000000000000056e-01 2.692053323281030641e-01
1.017118699371902663e-01 2.692102863580111971e-01
1.034530448611991338e-01 2.692153269677536875e-01
1.052240264352859583e-01 2.692204557001749987e-01
1.070253249105327931e-01 2.692256741265952602e-01
1.088574592728564217e-01 2.692309838473726513e-01
1.107209573925375945e-01 2.692363864924693373e-01
1.126163561763097315e-01 2.692418837220330596e-01
1.145442017220510977e-01 2.692474772269897731e-01
1.165050494761254996e-01 2.692531687296533249e-01
1.184994643934159375e-01 2.692589599843416281e-01
1.205280211000983592e-01 2.692648527780097112e-01
1.225913040592012809e-01 2.692708489308973663e-01
1.246899077390003080e-01 2.692769502971860129e-01
1.268244367842945308e-01 2.692831587656780989e-01
1.289955061906157552e-01 2.692894762604807202e-01
1.312037414814193614e-01 2.692959047417149421e-01
1.334497788883086122e-01 2.693024462062291735e-01
1.357342655343445059e-01 2.693091026883382422e-01
1.380578596204929676e-01 2.693158762605759593e-01
1.404212306152645418e-01 2.693227690344549008e-01
1.428250594475999058e-01 2.693297831612572191e-01
1.452700387030574913e-01 2.693369208328367792e-01
1.477568728233598638e-01 2.693441842824317867e-01
1.502862783093554255e-01 2.693515757855062254e-01
1.528589839274553941e-01 2.693590976606067278e-01
1.554757309196040382e-01 2.693667522702325456e-01
1.581372732168436213e-01 2.693745420217327213e-01
1.608443776565352257e-01 2.693824693682183025e-01
1.635978242032982422e-01 2.693905368094957620e-01
1.663984061737319164e-01 2.693987468930231777e-01
1.692469304649838191e-01 2.694071022148843975e-01
1.721442177872312407e-01 2.694156054207875184e-01
1.750911029001421815e-01 2.694242592070856812e-01
1.780884348533846029e-01 2.694330663218179600e-01
1.811370772312524413e-01 2.694420295657782849e-01
1.842379084014793833e-01 2.694511517936021283e-01
1.873918217683125109e-01 2.694604359148830008e-01
1.905997260299174267e-01 2.694698848953137604e-01
1.938625454401906034e-01 2.694795017578488494e-01
1.971812200750530930e-01 2.694892895838981728e-01
2.005567061033029785e-01 2.694992515145445133e-01
2.039899760621044777e-01 2.695093907517909781e-01
2.074820191371932743e-01 2.695197105598332032e-01
2.110338414478782620e-01 2.695302142663651979e-01
2.146464663369223314e-01 2.695409052639107239e-01
2.183209346653853800e-01 2.695517870111850400e-01
2.220583051125149254e-01 2.695628630344916177e-01
2.258596544807703332e-01 2.695741369291453360e-01
2.297260780060684515e-01 2.695856123609319255e-01
2.336586896733406915e-01 2.695972930675992196e-01
2.376586225374913708e-01 2.696091828603784379e-01
2.417270290498511887e-01 2.696212856255512658e-01
2.458650813902187870e-01 2.696336053260379728e-01
2.500739718045864035e-01 2.696461460030323276e-01
2.543549129486468163e-01 2.696589117776698741e-01
2.587091382371812243e-01 2.696719068527332341e-01
2.631379021994275647e-01 2.696851355144001539e-01
2.676424808405327149e-01 2.696986021340236905e-01
2.722241720091920780e-01 2.697123111699630260e-01
2.768842957715826891e-01 2.697262671694463654e-01
2.816241947916973687e-01 2.697404747704800765e-01
2.864452347181906111e-01 2.697549387038062352e-01
2.913488045778454549e-01 2.697696637948926446e-01
2.963363171757769088e-01 2.697846549659748128e-01
3.014092095024858975e-01 2.697999172381496669e-01
3.065689431478818006e-01 2.698154557335020187e-01
3.118170047223923769e-01 2.698312756772916488e-01
3.171549062852822565e-01 2.698473824001823007e-01
3.225841857803039558e-01 2.698637813405244668e-01
3.281064074788070939e-01 2.698804780466854680e-01
3.337231624304318189e-01 2.698974781794291067e-01
3.394360689215190630e-01 2.699147875143613207e-01
3.452467729413670749e-01 2.699324119444084791e-01
3.511569486564699027e-01 2.699503574823693963e-01
3.571682988928747693e-01 2.699686302635108115e-01
3.632825556267957889e-01 2.699872365482254288e-01
3.695014804836274647e-01 2.700061827247443036e-01
3.758268652454997416e-01 2.700254753119085138e-01
3.822605323675220546e-01 2.700451209620015058e-01
3.888043355028652504e-01 2.700651264636401150e-01
3.954601600368312098e-01 2.700854987447212086e-01
4.022299236300663772e-01 2.701062448754428247e-01
4.091155767710728530e-01 2.701273720713766036e-01
4.161191033381794191e-01 2.701488876966047226e-01
4.232425211711315916e-01 2.701707992669262204e-01
4.304878826524663471e-01 2.701931144531254381e-01
4.378572752988409977e-01 2.702158410842978586e-01
4.453528223624823035e-01 2.702389871512579922e-01
4.529766834429341249e-01 2.702625608099945564e-01
4.607310551092752560e-01 2.702865703852068147e-01
4.686181715329905129e-01 2.703110243738998109e-01
4.766403051316746020e-01 2.703359314490468845e-01
4.847997672237557287e-01 2.703613004633214079e-01
4.930989086944277955e-01 2.703871404528959133e-01
5.015401206729810379e-01 2.704134606413020614e-01
5.101258352217296066e-01 2.704402704433646609e-01
5.188585260367313268e-01 2.704675794691945301e-01
5.277407091605026412e-01 2.704953975282488043e-01
5.367749437069362362e-01 2.705237346334593562e-01
5.459638325986252427e-01 2.705526010054148389e-01
5.553100233168131172e-01 2.705820070766148944e-01
5.648162086641779212e-01 2.706119634957763753e-01
5.744851275406778202e-01 2.706424811322015733e-01
5.843195657326760717e-01 2.706735710802015138e-01
5.943223567155744291e-01 2.707052446635758725e-01
6.044963824701893307e-01 2.707375134401380778e-01
6.148445743130991348e-01 2.707703892062908735e-01
6.253699137412107589e-01 2.708038840016496196e-01
6.360754332907793129e-01 2.708380101137017326e-01
6.469642174111369659e-01 2.708727800825021514e-01
6.580394033533766285e-01 2.709082067054021659e-01
6.693041820742493542e-01 2.709443030417980625e-01
6.807617991555359183e-01 2.709810824179116895e-01
6.924155557391551419e-01 2.710185584315679685e-01
7.042688094782828534e-01 2.710567449569892262e-01
7.163249755047493839e-01 2.710956561495842521e-01
7.285875274130008128e-01 2.711353064507238120e-01
7.410599982609020753e-01 2.711757105924983979e-01
7.537459815876732527e-01 2.712168836024425600e-01
7.666491324492525905e-01 2.712588408082194924e-01
7.797731684713813394e-01 2.713015978422471108e-01
7.931218709207189521e-01 2.713451706462585711e-01
8.066990857942919479e-01 2.713895754757804091e-01
8.205087249275933026e-01 2.714348289045073748e-01
8.345547671216521080e-01 2.714809478285668543e-01
8.488412592893960218e-01 2.715279494706488439e-01
8.633723176216387962e-01 2.715758513839771626e-01
8.781521287730265080e-01 2.716246714561085240e-01
8.931849510682883242e-01 2.716744279125363759e-01
9.084751157291341972e-01 2.717251393200616483e-01
9.240270281221558690e-01 2.717768245899266910e-01
9.398451690280920090e-01 2.718295029806590546e-01
9.559340959328189724e-01 2.718831941006103481e-01
9.722984443404447674e-01 2.719379179101558686e-01
9.889429291088775997e-01 2.719936947235107594e-01
1.005872345808261681e+00 2.720505452101379396e-01
1.023091572102663882e+00 2.721084903956929035e-01
1.040605569155416577e+00 2.721675516624774138e-01
1.058419383058516017e+00 2.722277507493471305e-01
1.076538146286490027e+00 2.722891097510254377e-01
1.094967079175153790e+00 2.723516511167737297e-01
1.113711491425683819e+00 2.724153976483651429e-01
1.132776783634433349e+00 2.724803724972961749e-01
1.152168448848942317e+00 2.725465991611840111e-01
1.171892074150579388e+00 2.726141014792774486e-01
1.191953342264278737e+00 2.726829036270109752e-01
1.212358033195835461e+00 2.727530301095389409e-01
1.233112025897226349e+00 2.728245057541568985e-01
1.254221299960438740e+00 2.728973557015469953e-01
1.275691937340299287e+00 2.729716053957456645e-01
1.297530124106788030e+00 2.730472805727580665e-01
1.319742152227359799e+00 2.731244072477115314e-01
1.342334421379767884e+00 2.732030117004637937e-01
1.365313440795925093e+00 2.732831204595528862e-01
1.388685831137329352e+00 2.733647602843864433e-01
1.412458326402590059e+00 2.734479581455593333e-01
1.436637775867616984e+00 2.735327412031816618e-01
1.461231146059013719e+00 2.736191367831010135e-01
1.486245522761259652e+00 2.737071723508923693e-01
1.511688113058246019e+00 2.737968754834892438e-01
1.537566247409769105e+00 2.738882738383315862e-01
1.563887381763561457e+00 2.739813951198833974e-01
1.590659099703483959e+00 2.740762670433998793e-01
1.617889114634490255e+00 2.741729172957944605e-01
1.645585272004991939e+00 2.742713734934734693e-01
1.673755551567276179e+00 2.743716631369915726e-01
1.702408069676609514e+00 2.744738135623949749e-01
1.731551081629704614e+00 2.745778518891076603e-01
1.761192984043217447e+00 2.746838049642245649e-01
1.791342317272957674e+00 2.747916993030832811e-01
1.822007767874521011e+00 2.749015610259743503e-01
1.853198171106036352e+00 2.750134157908805665e-01
1.884922513473760608e+00 2.751272887221143937e-01
1.917189935321250038e+00 2.752432043347617929e-01
1.950009733462852335e+00 2.753611864548290988e-01
1.983391363862286871e+00 2.754812581350153944e-01
2.017344444357073385e+00 2.756034415660407189e-01
2.051878757429601574e+00 2.757277579834948589e-01
2.087004253025632305e+00 2.758542275701622026e-01
2.122731051421060222e+00 2.759828693538376454e-01
2.159069446137740655e+00 2.761137011006553066e-01
2.196029906909233276e+00 2.762467392039686387e-01
2.233623082697320683e+00 2.763819985688941716e-01
2.271859804760159030e+00 2.765194924926253628e-01
2.310751089772957734e+00 2.766592325406820874e-01
2.350308143002077799e+00 2.768012284193117067e-01
2.390542361533465332e+00 2.769454878442820789e-01
2.431465337556356410e+00 2.770920164063805369e-01
2.473088861703185426e+00 2.772408174339702214e-01
2.515424926446683251e+00 2.773918918530124400e-01
2.558485729555114663e+00 2.775452380450365020e-01
2.602283677606672008e+00 2.777008517035789437e-01
2.646831389564031412e+00 2.778587256896966617e-01
2.692141700410093375e+00 2.780188498872114278e-01
2.738227664845977127e+00 2.781812110584187536e-01
2.785102561052302583e+00 2.783457927010488109e-01
2.832779894514874552e+00 2.785125749073494306e-01
2.881273401915845245e+00 2.786815342262133899e-01
2.930597055091502146e+00 2.788526435293398054e-01
2.980765065057796814e+00 2.790258718824828454e-01
3.031791886104791445e+00 2.792011844228893813e-01
3.083692219961194692e+00 2.793785422440814292e-01
3.136481020030185807e+00 2.795579022891865884e-01
3.190173495697761208e+00 2.797392172540387190e-01
3.244785116714823392e+00 2.799224355013246734e-01
3.300331617654288952e+00 2.801075009870272470e-01
3.356829002444499555e+00 2.802943532004636973e-01
3.414293548980231296e+00 2.804829271191628948e-01
3.472741813812650680e+00 2.806731531798373758e-01
3.532190636919545490e+00 2.808649572666293559e-01
3.592657146557222791e+00 2.810582607177862791e-01
3.654158764195453823e+00 2.812529803518172833e-01
3.716713209536919305e+00 2.814490285141033610e-01
3.780338505622561573e+00 2.816463131448245227e-01
3.845052984024341924e+00 2.818447378689301619e-01
3.910875290126894388e+00 2.820442021087337103e-01
3.977824388499579644e+00 2.822446012195575782e-01
4.045919568360526242e+00 2.824458266486692959e-01
4.115180449134189011e+00 2.826477661175488265e-01
4.185626986104049152e+00 2.828503038273519898e-01
4.257279476162089793e+00 2.830533206871764795e-01
4.330158563656679505e+00 2.832566945645540457e-01
4.404285246340588600e+00 2.834603005573493872e-01
4.479680881420799565e+00 2.836640112860109864e-01
4.556367191711902187e+00 2.838676972049201108e-01
4.634366271894821310e+00 2.840712269313256377e-01
4.713700594882674899e+00 2.842744675901764939e-01
4.794393018295630249e+00 2.844772851729579499e-01
4.876466791046582649e+00 2.846795449084296159e-01
4.959945560039578538e+00 2.848811116430340351e-01
5.044853376982899817e+00 2.850818502285978884e-01
5.131214705318798863e+00 2.852816259148039379e-01
5.219054427271837326e+00 2.854803047438695951e-01
5.308397851017901736e+00 2.856777539447681313e-01
5.399270717975934275e+00 2.858738423243348814e-01
5.491699210224481931e+00 2.860684406525800805e-01
5.585709958045230294e+00 2.862614220395785503e-01
5.681330047595650079e+00 2.864526623013737283e-01
5.778587028712998119e+00 2.866420403124283478e-01
5.877508922851915507e+00 2.868294383422789751e-01
5.978124231157893043e+00 2.870147423742173687e-01
6.080461942678972775e+00 2.871978424039789979e-01
6.184551542717989570e+00 2.873786327166534815e-01
6.290423021327815611e+00 2.875570121402034052e-01
6.398106881952026370e+00 2.877328842742584714e-01
6.507634150213465141e+00 2.879061576930685429e-01
6.619036382853296985e+00 2.880767461217571546e-01
6.732345676823048741e+00 2.882445685852730310e-01
6.847594678532314738e+00 2.884095495296932210e-01
6.964816593254750998e+00 2.885716189157921940e-01
7.084045194695118397e+00 2.887307122850015784e-01
7.205314834720076611e+00 2.888867707981649935e-01
7.328660453255560370e+00 2.890397412476717331e-01
7.454117588353598833e+00 2.891895760437919183e-01
7.581722386431436256e+00 2.893362331761699657e-01
7.711511612685980843e+00 2.894796761516801875e-01
7.843522661686488817e+00 2.896198739099030139e-01
7.977793568148606518e+00 2.897568007176758442e-01
8.114363017892845420e+00 2.898904360442336459e-01
8.253270358990638655e+00 2.900207644185614497e-01
8.394555613101235991e+00 2.901477752706063118e-01
8.538259487002633819e+00 2.902714627580756379e-01
8.684423384319927663e+00 2.903918255805283399e-01
8.833089417454427661e+00 2.905088667824897719e-01
8.984300419716966246e+00 2.906225935472889210e-01
9.138099957668959661e+00 2.907330169832813560e-01
9.294532343674692498e+00 2.908401519040938465e-01
9.453642648668489912e+00 2.909440166044219844e-01
9.615476715140443886e+00 2.910446326328848254e-01
9.780081170344464780e+00 2.911420245633428161e-01
9.947503439732397368e+00 2.912362197659717489e-01
1.011779176061815022e+01 2.913272481793405255e-01
1.029099519607568070e+01 2.914151420845937368e-01
1.046716364907500108e+01 2.914999358827773390e-01
1.064634787686003037e+01 2.915816658762100944e-01
1.082859950557268647e+01 2.916603700547386047e-01
1.101397104512732561e+01 2.917360878875737695e-01
1.120251590433969646e+01 2.918088601213429945e-01
1.139428840631505224e+01 2.918787285848747359e-01
1.158934380409952247e+01 2.919457360011448732e-01
1.178773829659951922e+01 2.920099258067407888e-01
1.198952904477367731e+01 2.920713419790977317e-01
1.219477418810184766e+01 2.921300288716966453e-01
1.240353286133620792e+01 2.921860310573419217e-01
1.261586521153894580e+01 2.922393931795598254e-01
1.283183241541172137e+01 2.922901598121208089e-01
1.305149669692179693e+01 2.923383753266056706e-01
1.327492134522977629e+01 2.923840837679153037e-01
1.350217073292442649e+01 2.924273287375562802e-01
1.373331033456947026e+01 2.924681532845120890e-01
1.396840674556800188e+01 2.925065998034770964e-01
1.420752770134984644e+01 2.925427099401798348e-01
1.445074209688722711e+01 2.925765245035385487e-01
1.469812000654474637e+01 2.926080833843242579e-01
1.494973270426894274e+01 2.926374254800397923e-01
1.520565268412361704e+01 2.926645886256592499e-01
1.546595368117670333e+01 2.926896095299221789e-01
1.573071069274453038e+01 2.927125237168001215e-01
1.600000000000000000e+01 2.927333654718285993e-01
