1.000000000000000056e-01 5.000128813201742961e-01
1.017118699371902663e-01 4.999441350464535749e-01
1.034530448611991338e-01 4.998741878576030140e-01
1.052240264352859583e-01 4.998030183715167496e-01
1.070253249105327931e-01 4.997306048119909416e-01
1.088574592728564217e-01 4.996569250010473584e-01
1.107209573925375945e-01 4.995819563510693895e-01
1.126163561763097315e-01 4.995056758567817945e-01
1.145442017220510977e-01 4.994280600870535936e-01
1.165050494761254996e-01 4.993490851765413630e-01
1.184994643934159375e-01 4.992687268171326354e-01
1.205280211000983592e-01 4.991869602492204905e-01
1.225913040592012809e-01 4.991037602527902961e-01
1.246899077390003080e-01 4.990191011383023345e-01
1.268244367842945308e-01 4.989329567373998464e-01
1.289955061906157552e-01 4.988453003933913110e-01
1.312037414814193614e-01 4.987561049515564782e-01
1.334497788883086122e-01 4.986653427492038215e-01
1.357342655343445059e-01 4.985729856055521880e-01
1.380578596204929676e-01 4.984790048113728056e-01
1.404212306152645418e-01 4.983833711183925930e-01
1.428250594475999058e-01 4.982860547284945762e-01
1.452700387030574913e-01 4.981870252826702261e-01
1.477568728233598638e-01 4.980862518497128355e-01
1.502862783093554255e-01 4.979837029146917948e-01
1.528589839274553941e-01 4.978793463671566943e-01
1.554757309196040382e-01 4.977731494890779151e-01
1.581372732168436213e-01 4.976650789425356991e-01
1.608443776565352257e-01 4.975551007571241136e-01
1.635978242032982422e-01 4.974431803170817901e-01
1.663984061737319164e-01 4.973292823481387792e-01
1.692469304649838191e-01 4.972133709040678085e-01
1.721442177872312407e-01 4.970954093529350026e-01
1.750911029001421815e-01 4.969753603630537864e-01
1.780884348533846029e-01 4.968531858886116037e-01
1.811370772312524413e-01 4.967288471549893281e-01
1.842379084014793833e-01 4.966023046437380573e-01
1.873918217683125109e-01 4.964735180772318901e-01
1.905997260299174267e-01 4.963424464029723149e-01
1.938625454401906034e-01 4.962090477775358277e-01
1.971812200750530930e-01 4.960732795501647807e-01
2.005567061033029785e-01 4.959350982459889701e-01
2.039899760621044777e-01 4.957944595488704698e-01
2.074820191371932743e-01 4.956513182838514497e-01
2.110338414478782620e-01 4.955056283992248511e-01
2.146464663369223314e-01 4.953573429481811230e-01
2.183209346653853800e-01 4.952064140700478401e-01
2.220583051125149254e-01 4.950527929711079911e-01
2.258596544807703332e-01 4.948964299049783411e-01
2.297260780060684515e-01 4.947372741525469242e-01
2.336586896733406915e-01 4.945752740014561777e-01
2.376586225374913708e-01 4.944103767251095682e-01
2.417270290498511887e-01 4.942425285612297992e-01
2.458650813902187870e-01 4.940716746898993206e-01
2.500739718045864035e-01 4.938977592111195025e-01
2.543549129486468163e-01 4.937207251218624360e-01
2.587091382371812243e-01 4.935405142925942124e-01
2.631379021994275647e-01 4.933570674432768421e-01
2.676424808405327149e-01 4.931703241188121201e-01
2.722241720091920780e-01 4.929802226639449225e-01
2.768842957715826891e-01 4.927867001975920758e-01
2.816241947916973687e-01 4.925896925865845821e-01
2.864452347181906111e-01 4.923891344188398578e-01
2.913488045778454549e-01 4.921849589759005883e-01
2.963363171757769088e-01 4.919770982048695118e-01
3.014092095024858975e-01 4.917654826897283615e-01
3.065689431478818006e-01 4.915500416219820146e-01
3.118170047223923769e-01 4.913307027706757535e-01
3.171549062852822565e-01 4.911073924517244671e-01
3.225841857803039558e-01 4.908800354965731638e-01
3.281064074788070939e-01 4.906485552201496070e-01
3.337231624304318189e-01 4.904128733881074065e-01
3.394360689215190630e-01 4.901729101833744440e-01
3.452467729413670749e-01 4.899285841719184242e-01
3.511569486564699027e-01 4.896798122678098220e-01
3.571682988928747693e-01 4.894265096974952378e-01
3.632825556267957889e-01 4.891685899633086421e-01
3.695014804836274647e-01 4.889059648061924168e-01
3.758268652454997416e-01 4.886385441676179830e-01
3.822605323675220546e-01 4.883662361507011274e-01
3.888043355028652504e-01 4.880889469804881586e-01
3.954601600368312098e-01 4.878065809633961303e-01
4.022299236300663772e-01 4.875190404458413784e-01
4.091155767710728530e-01 4.872262257719703338e-01
4.161191033381794191e-01 4.869280352405505052e-01
4.232425211711315916e-01 4.866243650609699545e-01
4.304878826524663471e-01 4.863151093083726284e-01
4.378572752988409977e-01 4.860001598778669329e-01
4.453528223624823035e-01 4.856794064378709974e-01
4.529766834429341249e-01 4.853527363825239638e-01
4.607310551092752560e-01 4.850200347832005487e-01
4.686181715329905129e-01 4.846811843391098384e-01
4.766403051316746020e-01 4.843360653269672134e-01
4.847997672237557287e-01 4.839845555497619967e-01
4.930989086944277955e-01 4.836265302845995095e-01
5.015401206729810379e-01 4.832618622296248057e-01
5.101258352217296066e-01 4.828904214500540082e-01
5.188585260367313268e-01 4.825120753232770565e-01
5.277407091605026412e-01 4.821266884830835986e-01
5.367749437069362362e-01 4.817341227630074774e-01
5.459638325986252427e-01 4.813342371387899221e-01
5.553100233168131172e-01 4.809268876700052986e-01
5.648162086641779212e-01 4.805119274408507501e-01
5.744851275406778202e-01 4.800892065001297060e-01
5.843195657326760717e-01 4.796585718004630627e-01
5.943223567155744291e-01 4.792198671367574048e-01
6.044963824701893307e-01 4.787729330839581854e-01
6.148445743130991348e-01 4.783176069341402159e-01
6.253699137412107589e-01 4.778537226329925836e-01
6.360754332907793129e-01 4.773811107157243661e-01
6.469642174111369659e-01 4.768995982424722446e-01
6.580394033533766285e-01 4.764090087332703005e-01
6.693041820742493542e-01 4.759091621026468322e-01
6.807617991555359183e-01 4.753998745939552184e-01
6.924155557391551419e-01 4.748809587134870114e-01
7.042688094782828534e-01 4.743522231645029286e-01
7.163249755047493839e-01 4.738134727812727265e-01
7.285875274130008128e-01 4.732645084632410848e-01
7.410599982609020753e-01 4.727051271094565577e-01
7.537459815876732527e-01 4.721351215533917678e-01
7.666491324492525905e-01 4.715542804983308689e-01
7.797731684713813394e-01 4.709623884534600013e-01
7.931218709207189521e-01 4.703592256708693520e-01
8.066990857942919479e-01 4.697445680836566106e-01
8.205087249275933026e-01 4.691181872453242807e-01
8.345547671216521080e-01 4.684798502707365198e-01
8.488412592893960218e-01 4.678293197788613855e-01
8.633723176216387962e-01 4.671663538375639968e-01
8.781521287730265080e-01 4.664907059107538112e-01
8.931849510682883242e-01 4.658021248082014343e-01
9.084751157291341972e-01 4.651003546383286058e-01
9.240270281221558690e-01 4.643851347643873639e-01
9.398451690280920090e-01 4.636561997643510180e-01
9.559340959328189724e-01 4.629132793949838898e-01
9.722984443404447674e-01 4.621560985605103755e-01
9.889429291088775997e-01 4.613843772863616133e-01
1.005872345808261681e+00 4.605978306985138437e-01
1.023091572102663882e+00 4.597961690089525932e-01
1.040605569155416577e+00 4.589790975078557045e-01
1.058419383058516017e+00 4.581463165631040613e-01
1.076538146286490027e+00 4.572975216277770372e-01
1.094967079175153790e+00 4.564324032563376043e-01
1.113711491425683819e+00 4.555506471302528393e-01
1.132776783634433349e+00 4.546519340938214859e-01
1.152168448848942317e+00 4.537359402010720522e-01
1.171892074150579388e+00 4.528023367745964700e-01
1.191953342264278737e+00 4.518507904772569583e-01
1.212358033195835461e+00 4.508809633977675091e-01
1.233112025897226349e+00 4.498925131511766207e-01
1.254221299960438740e+00 4.488850929953595581e-01
1.275691937340299287e+00 4.478583519646703315e-01
1.297530124106788030e+00 4.468119350219720287e-01
1.319742152227359799e+00 4.457454832302975567e-01
1.342334421379767884e+00 4.446586339454948744e-01
1.365313440795925093e+00 4.435510210312251789e-01
1.388685831137329352e+00 4.424222750977749863e-01
1.412458326402590059e+00 4.412720237661718059e-01
1.436637775867616984e+00 4.400998919591836978e-01
1.461231146059013719e+00 4.389055022208032120e-01
1.486245522761259652e+00 4.376884750659001955e-01
1.511688113058246019e+00 4.364484293617484911e-01
1.537566247409769105e+00 4.351849827432068829e-01
1.563887381763561457e+00 4.338977520633477969e-01
1.590659099703483959e+00 4.325863538813793374e-01
1.617889114634490255e+00 4.312504049897310510e-01
1.645585272004991939e+00 4.298895229821920738e-01
1.673755551567276179e+00 4.285033268649899307e-01
1.702408069676609514e+00 4.270914377127171258e-01
1.731551081629704614e+00 4.256534793709917941e-01
1.761192984043217447e+00 4.241890792076876138e-01
1.791342317272957674e+00 4.226978689145675649e-01
1.822007767874521011e+00 4.211794853610544842e-01
1.853198171106036352e+00 4.196335715018169599e-01
1.884922513473760608e+00 4.180597773397136119e-01
1.917189935321250038e+00 4.164577609455567542e-01
1.950009733462852335e+00 4.148271895359525452e-01
1.983391363862286871e+00 4.131677406103219097e-01
2.017344444357073385e+00 4.114791031479821948e-01
2.051878757429601574e+00 4.097609788659228314e-01
2.087004253025632305e+00 4.080130835376127307e-01
2.122731051421060222e+00 4.062351483728782742e-01
2.159069446137740655e+00 4.044269214585131667e-01
2.196029906909233276e+00 4.025881692588584859e-01
2.233623082697320683e+00 4.007186781752007931e-01
2.271859804760159030e+00 3.988182561622759525e-01
2.310751089772957734e+00 3.968867343996737573e-01
2.350308143002077799e+00 3.949239690153447668e-01
2.390542361533465332e+00 3.929298428577573388e-01
2.431465337556356410e+00 3.909042673126194578e-01
2.473088861703185426e+00 3.888471841593231226e-01
2.515424926446683251e+00 3.867585674615131586e-01
2.558485729555114663e+00 3.846384254854159912e-01
2.602283677606672008e+00 3.824868026386731845e-01
2.646831389564031412e+00 3.803037814216224111e-01
2.692141700410093375e+00 3.780894843820289397e-01
2.738227664845977127e+00 3.758440760634172428e-01
2.785102561052302583e+00 3.735677649362087460e-01
2.832779894514874552e+00 3.712608052999968877e-01
2.881273401915845245e+00 3.689234991444003131e-01
2.930597055091502146e+00 3.665561979550682192e-01
2.980765065057796814e+00 3.641593044506188925e-01
3.031791886104791445e+00 3.617332742355316433e-01
3.083692219961194692e+00 3.592786173533261129e-01
3.136481020030185807e+00 3.567958997238120378e-01
3.190173495697761208e+00 3.542857444476690820e-01
3.244785116714823392e+00 3.517488329613375764e-01
3.300331617654288952e+00 3.491859060249288826e-01
3.356829002444499555e+00 3.465977645259122886e-01
3.414293548980231296e+00 3.439852700814126085e-01
3.472741813812650680e+00 3.413493454223705537e-01
3.532190636919545490e+00 3.386909745433133168e-01
3.592657146557222791e+00 3.360112026023309162e-01
3.654158764195453823e+00 3.333111355568320056e-01
3.716713209536919305e+00 3.305919395219328871e-01
3.780338505622561573e+00 3.278548398398373753e-01
3.845052984024341924e+00 3.251011198503102606e-01
3.910875290126894388e+00 3.223321193543283725e-01
3.977824388499579644e+00 3.195492327651997533e-01
4.045919568360526242e+00 3.167539069438747856e-01
4.115180449134189011e+00 3.139476387177543848e-01
4.185626986104049152e+00 3.111319720851036807e-01
4.257279476162089793e+00 3.083084951100523163e-01
4.330158563656679505e+00 3.054788365162025565e-01
4.404285246340588600e+00 3.026446619898959245e-01
4.479680881420799565e+00 2.998076702073009803e-01
4.556367191711902187e+00 2.969695886025162657e-01
4.634366271894821310e+00 2.941321688968741577e-01
4.713700594882674899e+00 2.912971824124784281e-01
4.794393018295630249e+00 2.884664151957088141e-01
4.876466791046582649e+00 2.856416629788625094e-01
4.959945560039578538e+00 2.828247260103353145e-01
5.044853376982899817e+00 2.800174037856315024e-01
5.131214705318798863e+00 2.772214897130373945e-01
5.219054427271837326e+00 2.744387657490007792e-01
5.308397851017901736e+00 2.716709970390208118e-01
5.399270717975934275e+00 2.689199266002434974e-01
5.491699210224481931e+00 2.661872700818793680e-01
5.585709958045230294e+00 2.634747106390813443e-01
5.681330047595650079e+00 2.607838939550018997e-01
5.778587028712998119e+00 2.581164234444183747e-01
5.877508922851915507e+00 2.554738556705897223e-01
5.978124231157893043e+00 2.528576960049175870e-01
6.080461942678972775e+00 2.502693945565648281e-01
6.184551542717989570e+00 2.477103423964730489e-01
6.290423021327815611e+00 2.451818680972397968e-01
6.398106881952026370e+00 2.426852346071739497e-01
6.507634150213465141e+00 2.402216364735187126e-01
6.619036382853296985e+00 2.377921974264193272e-01
6.732345676823048741e+00 2.353979683317506677e-01
6.847594678532314738e+00 2.330399255174787077e-01
6.964816593254750998e+00 2.307189694748044695e-01
7.084045194695118397e+00 2.284359239320530865e-01
7.205314834720076611e+00 2.261915352961121894e-01
7.328660453255560370e+00 2.239864724532311946e-01
7.454117588353598833e+00 2.218213269182557623e-01
7.581722386431436256e+00 2.196966133188079373e-01
7.711511612685980843e+00 2.176127701987209395e-01
7.843522661686488817e+00 2.155701611230070591e-01
7.977793568148606518e+00 2.135690760649888997e-01
8.114363017892845420e+00 2.116097330548213362e-01
8.253270358990638655e+00 2.096922800675526943e-01
8.394555613101235991e+00 2.078167971280584503e-01
8.538259487002633819e+00 2.059832986096963858e-01
8.684423384319927663e+00 2.041917357032640157e-01
8.833089417454427661e+00 2.024419990328739094e-01
8.984300419716966246e+00 2.007339213956011725e-01
9.138099957668959661e+00 1.990672806022265040e-01
9.294532343674692498e+00 1.974418023970675451e-01
9.453642648668489912e+00 1.958571634357001989e-01
9.615476715140443886e+00 1.943129943003682469e-01
9.780081170344464780e+00 1.928088825339684953e-01
9.947503439732397368e+00 1.913443756746833202e-01
1.011779176061815022e+01 1.899189842746280832e-01
1.029099519607568070e+01 1.885321848871793216e-01
1.046716364907500108e+01 1.871834230090339002e-01
1.064634787686003037e+01 1.858721159644003695e-01
1.082859950557268647e+01 1.845976557201182144e-01
1.101397104512732561e+01 1.833594116218354442e-01
1.120251590433969646e+01 1.821567330427165954e-01
1.139428840631505224e+01 1.809889519374225930e-01
1.158934380409952247e+01 1.798553852953367616e-01
1.178773829659951922e+01 1.787553374881881707e-01
1.198952904477367731e+01 1.776881025083129617e-01
1.219477418810184766e+01 1.766529660948381875e-01
1.240353286133620792e+01 1.756492077460189982e-01
1.261586521153894580e+01 1.746761026168451025e-01
1.283183241541172137e+01 1.737329233018353458e-01
1.305149669692179693e+01 1.728189415036557874e-01
1.327492134522977629e+01 1.719334295888542974e-01
1.350217073292442649e+01 1.710756620325688260e-01
1.373331033456947026e+01 1.702449167545723174e-01
1.396840674556800188e+01 1.694404763494538890e-01
1.420752770134984644e+01 1.686616292140859230e-01
1.445074209688722711e+01 1.679076705758594523e-01
1.469812000654474637e+01 1.671779034253877139e-01
1.494973270426894274e+01 1.664716393576014808e-01
1.520565268412361704e+01 1.657881993252770247e-01
1.546595368117670333e+01 1.651269143091710356e-01
1.573071069274453038e+01 1.644871259089612792e-01
1.600000000000000000e+01 1.638681868592539448e-01
