1.000000000000000056e-01 4.956277128186827308e-01
1.017118699371902663e-01 4.955570902566841518e-01
1.034530448611991338e-01 4.954852340006382083e-01
1.052240264352859583e-01 4.954121220847348406e-01
1.070253249105327931e-01 4.953377321383052312e-01
1.088574592728564217e-01 4.952620413779353359e-01
1.107209573925375945e-01 4.951850265993868461e-01
1.126163561763097315e-01 4.951066641693587789e-01
1.145442017220510977e-01 4.950269300170654918e-01
1.165050494761254996e-01 4.949457996256525494e-01
1.184994643934159375e-01 4.948632480234053110e-01
1.205280211000983592e-01 4.947792497747860452e-01
1.225913040592012809e-01 4.946937789712772537e-01
1.246899077390003080e-01 4.946068092220142765e-01
1.268244367842945308e-01 4.945183136442404814e-01
1.289955061906157552e-01 4.944282648535290314e-01
1.312037414814193614e-01 4.943366349538242388e-01
1.334497788883086122e-01 4.942433955272269586e-01
1.357342655343445059e-01 4.941485176236009025e-01
1.380578596204929676e-01 4.940519717499300967e-01
1.404212306152645418e-01 4.939537278594343106e-01
1.428250594475999058e-01 4.938537553404730440e-01
1.452700387030574913e-01 4.937520230051968828e-01
1.477568728233598638e-01 4.936484990779316795e-01
1.502862783093554255e-01 4.935431511833376361e-01
1.528589839274553941e-01 4.934359463342919416e-01
1.554757309196040382e-01 4.933268509194989049e-01
1.581372732168436213e-01 4.932158306908431267e-01
1.608443776565352257e-01 4.931028507504491842e-01
1.635978242032982422e-01 4.929878755374612065e-01
1.663984061737319164e-01 4.928708688145293504e-01
1.692469304649838191e-01 4.927517936539946852e-01
1.721442177872312407e-01 4.926306124237630479e-01
1.750911029001421815e-01 4.925072867728764736e-01
1.780884348533846029e-01 4.923817776167461191e-01
1.811370772312524413e-01 4.922540451220704383e-01
1.842379084014793833e-01 4.921240486914026380e-01
1.873918217683125109e-01 4.919917469473826244e-01
1.905997260299174267e-01 4.918570977166136227e-01
1.938625454401906034e-01 4.917200580131703136e-01
1.971812200750530930e-01 4.915805840217415956e-01
2.005567061033029785e-01 4.914386310803940394e-01
2.039899760621044777e-01 4.912941536629470973e-01
2.074820191371932743e-01 4.911471053609419712e-01
2.110338414478782620e-01 4.909974388652217359e-01
2.146464663369223314e-01 4.908451059470769762e-01
2.183209346653853800e-01 4.906900574389724268e-01
2.220583051125149254e-01 4.905322432148408462e-01
2.258596544807703332e-01 4.903716121699259745e-01
2.297260780060684515e-01 4.902081122001701874e-01
2.336586896733406915e-01 4.900416901811385229e-01
2.376586225374913708e-01 4.898722919464507664e-01
2.417270290498511887e-01 4.896998622657531830e-01
2.458650813902187870e-01 4.895243448221597293e-01
2.500739718045864035e-01 4.893456821891972175e-01
2.543549129486468163e-01 4.891638158072304510e-01
2.587091382371812243e-01 4.889786859593431845e-01
2.631379021994275647e-01 4.887902317466844559e-01
2.676424808405327149e-01 4.885983910632416549e-01
2.722241720091920780e-01 4.884031005700567585e-01
2.768842957715826891e-01 4.882042956688545376e-01
2.816241947916973687e-01 4.880019104750668579e-01
2.864452347181906111e-01 4.877958777902711152e-01
2.913488045778454549e-01 4.875861290739786358e-01
2.963363171757769088e-01 4.873725944148026845e-01
3.014092095024858975e-01 4.871552025009933673e-01
3.065689431478818006e-01 4.869338805902783673e-01
3.118170047223923769e-01 4.867085544790619167e-01
3.171549062852822565e-01 4.864791484709152236e-01
3.225841857803039558e-01 4.862455853443791165e-01
3.281064074788070939e-01 4.860077863200424897e-01
3.337231624304318189e-01 4.857656710268886679e-01
3.394360689215190630e-01 4.855191574679293964e-01
3.452467729413670749e-01 4.852681619850356398e-01
3.511569486564699027e-01 4.850125992230436278e-01
3.571682988928747693e-01 4.847523820930531580e-01
3.632825556267957889e-01 4.844874217349408596e-01
3.695014804836274647e-01 4.842176274790613300e-01
3.758268652454997416e-01 4.839429068071280926e-01
3.822605323675220546e-01 4.836631653122644980e-01
3.888043355028652504e-01 4.833783066582051369e-01
3.954601600368312098e-01 4.830882325376271158e-01
4.022299236300663772e-01 4.827928426296468345e-01
4.091155767710728530e-01 4.824920345563959434e-01
4.161191033381794191e-01 4.821857038387339922e-01
4.232425211711315916e-01 4.818737438510439786e-01
4.304878826524663471e-01 4.815560457751418277e-01
4.378572752988409977e-01 4.812324985532329125e-01
4.453528223624823035e-01 4.809029888399818931e-01
4.529766834429341249e-01 4.805674009536229918e-01
4.607310551092752560e-01 4.802256168261487823e-01
4.686181715329905129e-01 4.798775159525583978e-01
4.766403051316746020e-01 4.795229753391537786e-01
4.847997672237557287e-01 4.791618694509068854e-01
4.930989086944277955e-01 4.787940701578747849e-01
5.015401206729810379e-01 4.784194466806735990e-01
5.101258352217296066e-01 4.780378655350334127e-01
5.188585260367313268e-01 4.776491904754007756e-01
5.277407091605026412e-01 4.772532824376399252e-01
5.367749437069362362e-01 4.768499994808276243e-01
5.459638325986252427e-01 4.764391967281443874e-01
5.553100233168131172e-01 4.760207263069033967e-01
5.648162086641779212e-01 4.755944372877226600e-01
5.744851275406778202e-01 4.751601756228666651e-01
5.843195657326760717e-01 4.747177840837967233e-01
5.943223567155744291e-01 4.742671021979566470e-01
6.044963824701893307e-01 4.738079661848242363e-01
6.148445743130991348e-01 4.733402088912828654e-01
6.253699137412107589e-01 4.728636597263695673e-01
6.360754332907793129e-01 4.723781445954287062e-01
6.469642174111369659e-01 4.718834858337550564e-01
6.580394033533766285e-01 4.713795021397848006e-01
6.693041820742493542e-01 4.708660085079064417e-01
6.807617991555359183e-01 4.703428161609948255e-01
6.924155557391551419e-01 4.698097324827263388e-01
7.042688094782828534e-01 4.692665609498044010e-01
7.163249755047493839e-01 4.687131010641986117e-01
7.285875274130008128e-01 4.681491482855115738e-01
7.410599982609020753e-01 4.675744939636154451e-01
7.537459815876732527e-01 4.669889252716926675e-01
7.666491324492525905e-01 4.663922251398571195e-01
7.797731684713813394e-01 4.657841721894994125e-01
7.931218709207189521e-01 4.651645406685688267e-01
8.066990857942919479e-01 4.645331003879852316e-01
8.205087249275933026e-01 4.638896166593832748e-01
8.345547671216521080e-01 4.632338502344555131e-01
8.488412592893960218e-01 4.625655572461330745e-01
8.633723176216387962e-01 4.618844891518719686e-01
8.781521287730265080e-01 4.611903926793583519e-01
8.931849510682883242e-01 4.604830097749564866e-01
9.084751157291341972e-01 4.597620775552125338e-01
9.240270281221558690e-01 4.590273282618389517e-01
9.398451690280920090e-01 4.582784892205132854e-01
9.559340959328189724e-01 4.575152828039709685e-01
9.722984443404447674e-01 4.567374263998229544e-01
9.889429291088775997e-01 4.559446323835895098e-01
1.005872345808261681e+00 4.551366080974811323e-01
1.023091572102663882e+00 4.543130558354711024e-01
1.040605569155416577e+00 4.534736728352728452e-01
1.058419383058516017e+00 4.526181512778444382e-01
1.076538146286490027e+00 4.517461782950985549e-01
1.094967079175153790e+00 4.508574359865389902e-01
1.113711491425683819e+00 4.499516014455908763e-01
1.132776783634433349e+00 4.490283467964199526e-01
1.152168448848942317e+00 4.480873392421244050e-01
1.171892074150579388e+00 4.471282411251890077e-01
1.191953342264278737e+00 4.461507100011664617e-01
1.212358033195835461e+00 4.451543987266138869e-01
1.233112025897226349e+00 4.441389555623377894e-01
1.254221299960438740e+00 4.431040242930893713e-01
1.275691937340299287e+00 4.420492443648880720e-01
1.297530124106788030e+00 4.409742510412276717e-01
1.319742152227359799e+00 4.398786755794530934e-01
1.342334421379767884e+00 4.387621454286934619e-01
1.365313440795925093e+00 4.376242844507635676e-01
1.388685831137329352e+00 4.364647131655308154e-01
1.412458326402590059e+00 4.352830490222796556e-01
1.436637775867616984e+00 4.340789066986969758e-01
1.461231146059013719e+00 4.328518984291221949e-01
1.486245522761259652e+00 4.316016343637933961e-01
1.511688113058246019e+00 4.303277229608417076e-01
1.537566247409769105e+00 4.290297714128614159e-01
1.563887381763561457e+00 4.277073861098995566e-01
1.590659099703483959e+00 4.263601731407619666e-01
1.617889114634490255e+00 4.249877388345552065e-01
1.645585272004991939e+00 4.235896903444074102e-01
1.673755551567276179e+00 4.221656362753060110e-01
1.702408069676609514e+00 4.207151873580120549e-01
1.731551081629704614e+00 4.192379571709907160e-01
1.761192984043217447e+00 4.177335629122412852e-01
1.791342317272957674e+00 4.162016262229135122e-01
1.822007767874521011e+00 4.146417740644881555e-01
1.853198171106036352e+00 4.130536396512499153e-01
1.884922513473760608e+00 4.114368634396345370e-01
1.917189935321250038e+00 4.097910941759526082e-01
1.950009733462852335e+00 4.081159900037835131e-01
1.983391363862286871e+00 4.064112196321699177e-01
2.017344444357073385e+00 4.046764635655205611e-01
2.051878757429601574e+00 4.029114153958698874e-01
2.087004253025632305e+00 4.011157831578433530e-01
2.122731051421060222e+00 3.992892907463657104e-01
2.159069446137740655e+00 3.974316793967674344e-01
2.196029906909233276e+00 3.955427092265038080e-01
2.233623082697320683e+00 3.936221608373045022e-01
2.271859804760159030e+00 3.916698369759957776e-01
2.310751089772957734e+00 3.896855642517255136e-01
2.350308143002077799e+00 3.876691949067215814e-01
2.390542361533465332e+00 3.856206086370321251e-01
2.431465337556356410e+00 3.835397144590537155e-01
2.473088861703185426e+00 3.814264526168701375e-01
2.515424926446683251e+00 3.792807965246514090e-01
2.558485729555114663e+00 3.771027547375753741e-01
2.602283677606672008e+00 3.748923729438143893e-01
2.646831389564031412e+00 3.726497359693135003e-01
2.692141700410093375e+00 3.703749697861123957e-01
2.738227664845977127e+00 3.680682435140944508e-01
2.785102561052302583e+00 3.657297714050702364e-01
2.832779894514874552e+00 3.633598147972093018e-01
2.881273401915845245e+00 3.609586840269148889e-01
2.930597055091502146e+00 3.585267402843495543e-01
2.980765065057796814e+00 3.560643973980016641e-01
3.031791886104791445e+00 3.535721235329030154e-01
3.083692219961194692e+00 3.510504427864034049e-01
3.136481020030185807e+00 3.484999366648387498e-01
3.190173495697761208e+00 3.459212454238950740e-01
3.244785116714823392e+00 3.433150692551834027e-01
3.300331617654288952e+00 3.406821693012591079e-01
3.356829002444499555e+00 3.380233684813702122e-01
3.414293548980231296e+00 3.353395521103003096e-01
3.472741813812650680e+00 3.326316682930973712e-01
3.532190636919545490e+00 3.299007280789908458e-01
3.592657146557222791e+00 3.271478053586713286e-01
3.654158764195453823e+00 3.243740364901110951e-01
3.716713209536919305e+00 3.215806196394179750e-01
3.780338505622561573e+00 3.187688138247626313e-01
3.845052984024341924e+00 3.159399376532098791e-01
3.910875290126894388e+00 3.130953677423215509e-01
3.977824388499579644e+00 3.102365368206653207e-01
4.045919568360526242e+00 3.073649315038627927e-01
4.115180449134189011e+00 3.044820897454638131e-01
4.185626986104049152e+00 3.015895979648119951e-01
4.257279476162089793e+00 2.986890878570218066e-01
4.330158563656679505e+00 2.957822328933045752e-01
4.404285246340588600e+00 2.928707445230001594e-01
4.479680881420799565e+00 2.899563680918630926e-01
4.556367191711902187e+00 2.870408784942694580e-01
4.634366271894821310e+00 2.841260755800831261e-01
4.713700594882674899e+00 2.812137793398450936e-01
4.794393018295630249e+00 2.783058248947248847e-01
4.876466791046582649e+00 2.754040573201756437e-01
4.959945560039578538e+00 2.725103263345289850e-01
5.044853376982899817e+00 2.696264808857029016e-01
5.131214705318798863e+00 2.667543636707866983e-01
5.219054427271837326e+00 2.638958056245024331e-01
5.308397851017901736e+00 2.610526204133317707e-01
5.399270717975934275e+00 2.582265989724936706e-01
5.491699210224481931e+00 2.554195041228791707e-01
5.585709958045230294e+00 2.526330653045582575e-01
5.681330047595650079e+00 2.498689734625298697e-01
5.778587028712998119e+00 2.471288761190184868e-01
5.877508922851915507e+00 2.444143726648471404e-01
5.978124231157893043e+00 2.417270099002734596e-01
6.080461942678972775e+00 2.390682778531820762e-01
6.184551542717989570e+00 2.364396058997474126e-01
6.290423021327815611e+00 2.338423592096156300e-01
6.398106881952026370e+00 2.312778355344247971e-01
6.507634150213465141e+00 2.287472623550649564e-01
6.619036382853296985e+00 2.262517943995723535e-01
6.732345676823048741e+00 2.237925115399950204e-01
6.847594678532314738e+00 2.213704170730327325e-01
6.964816593254750998e+00 2.189864363857332019e-01
7.084045194695118397e+00 2.166414160041530146e-01
7.205314834720076611e+00 2.143361230196438594e-01
7.328660453255560370e+00 2.120712448843525832e-01
7.454117588353598833e+00 2.098473895647090803e-01
7.581722386431436256e+00 2.076650860390448494e-01
7.711511612685980843e+00 2.055247851232193113e-01
7.843522661686488817e+00 2.034268606060480322e-01
7.977793568148606518e+00 2.013716106746335777e-01
8.114363017892845420e+00 1.993592596082555957e-01
8.253270358990638655e+00 1.973899597183707555e-01
8.394555613101235991e+00 1.954637935114362512e-01
8.538259487002633819e+00 1.935807760507697595e-01
8.684423384319927663e+00 1.917408574933869292e-01
8.833089417454427661e+00 1.899439257777902623e-01
8.984300419716966246e+00 1.881898094389310716e-01
9.138099957668959661e+00 1.864782805270458754e-01
9.294532343674692498e+00 1.848090576077576208e-01
9.453642648668489912e+00 1.831818088216632945e-01
9.615476715140443886e+00 1.815961549826529686e-01
9.780081170344464780e+00 1.800516726953234337e-01
9.947503439732397368e+00 1.785478974730690394e-01
1.011779176061815022e+01 1.770843268397605808e-01
1.029099519607568070e+01 1.756604233992590802e-01
1.046716364907500108e+01 1.742756178584332072e-01
1.064634787686003037e+01 1.729293119907361620e-01
1.082859950557268647e+01 1.716208815288320644e-01
1.101397104512732561e+01 1.703496789761322072e-01
1.120251590433969646e+01 1.691150363284799341e-01
1.139428840631505224e+01 1.679162676985279656e-01
1.158934380409952247e+01 1.667526718366179050e-01
1.178773829659951922e+01 1.656235345431807393e-01
1.198952904477367731e+01 1.645281309687971760e-01
1.219477418810184766e+01 1.634657277991286572e-01
1.240353286133620792e+01 1.624355853229022817e-01
1.261586521153894580e+01 1.614369593820427495e-01
1.283183241541172137e+01 1.604691032038680354e-01
1.305149669692179693e+01 1.595312691160040430e-01
1.327492134522977629e+01 1.586227101453462074e-01
1.350217073292442649e+01 1.577426815029789597e-01
1.373331033456947026e+01 1.568904419574810583e-01
1.396840674556800188e+01 1.560652550994939824e-01
1.420752770134984644e+01 1.552663905007930223e-01
1.445074209688722711e+01 1.544931247714373679e-01
1.469812000654474637e+01 1.537447425188045724e-01
1.494973270426894274e+01 1.530205372125403585e-01
1.520565268412361704e+01 1.523198119595793598e-01
1.546595368117670333e+01 1.516418801935242311e-01
1.573071069274453038e+01 1.509860662827026967e-01
1.600000000000000000e+01 1.503517060612790390e-01
