9.832887700534760356e-01 3.819277211416746143e-01
9.832895781413983904e-01 3.819270873411453326e-01
9.832920023323267200e-01 3.504440122443691075e-01
9.832960424077469286e-01 3.558659064040254338e-01
9.833016980034838816e-01 3.812287251717769720e-01
9.833089686097227222e-01 3.478884492912723836e-01
9.833178535710384027e-01 3.592970795550506913e-01
9.833283520864346539e-01 3.797556430715028908e-01
9.833404632093908360e-01 3.457627492028315097e-01
9.833541858479186715e-01 3.629067605804844332e-01
9.833695187646260827e-01 3.775311350653580700e-01
9.833864605767902445e-01 3.441266465542199282e-01
9.834050097564394077e-01 3.666048252089423864e-01
9.834251646304434935e-01 3.745924100337504337e-01
9.834469233806132360e-01 3.430479850887139803e-01
9.834702840438070970e-01 3.702750659174793846e-01
9.834952445120488385e-01 3.709968636574003109e-01
9.835218025326514235e-01 3.426042070598408484e-01
9.835499557083519084e-01 3.737661445285157535e-01
9.835797014974531072e-01 3.668298240021835577e-01
9.836110372139756919e-01 3.428815240486950411e-01
9.836439600278173989e-01 3.768841206667474242e-01
9.836784669649225599e-01 3.622128028845007508e-01
9.837145549074602924e-01 3.439707886070121345e-01
9.837522205940091302e-01 3.793892424552505194e-01
9.837914606197550871e-01 3.573109763733029465e-01
9.838322714366934951e-01 3.459584277123011753e-01
9.838746493538444993e-01 3.810008898859253423e-01
9.839185905374727703e-01 3.523384376319923517e-01
9.839640910113213179e-01 3.489100145051547974e-01
9.840111466568493004e-01 3.814154579658351474e-01
9.840597532134831571e-01 3.475598636956118148e-01
9.841099062788732921e-01 3.528434135828846796e-01
9.841616013091628590e-01 3.803417190100309986e-01
9.842148336192633185e-01 3.432876914026282145e-01
9.842695983831402096e-01 3.576886382735532943e-01
9.843258906341086911e-01 3.775556543287933997e-01
9.843837052651369657e-01 3.398745256318608243e-01
9.844430370291603616e-01 3.632339854040744220e-01
9.845038805394035197e-01 3.729709161162279019e-01
9.845662302697123502e-01 3.377006368493499777e-01
9.846300805548963142e-01 3.690647263309186354e-01
9.846954255910785880e-01 3.667122637438992028e-01
9.847622594360568860e-01 3.371547595565246302e-01
9.848305760096733863e-01 3.745134856808826629e-01
9.849003690941932065e-01 3.591704592942228103e-01
9.849716323346955349e-01 3.386013701119114372e-01
9.850443592394699799e-01 3.786593361292348581e-01
9.851185431804264647e-01 3.510142001218791719e-01
9.851941773935130042e-01 3.423185653793070493e-01
9.852712549791433627e-01 3.804267739120052449e-01
9.853497689026352591e-01 3.431441768394177250e-01
9.854297119946573424e-01 3.483810280665520231e-01
9.855110769516869373e-01 3.788262019265902225e-01
9.855938563364777805e-01 3.365967857318157841e-01
9.856780425785371946e-01 3.564650399659499702e-01
9.857636279746132546e-01 3.733208024313777185e-01
9.858506046891933883e-01 3.324279285237531911e-01
9.859389647550111935e-01 3.655925713140981692e-01
9.860287000735645790e-01 3.642018414577632424e-01
9.861198024156442310e-01 3.316054240564574318e-01
9.862122634218722927e-01 3.739352113789690679e-01
9.863060746032504822e-01 3.527674771887655547e-01
9.864012273417195331e-01 3.348883666266668224e-01
9.864977128907297388e-01 3.789416377603268549e-01
9.865955223758196002e-01 3.411396315328577011e-01
9.866946467952077970e-01 3.425823282586488716e-01
9.867950770203932631e-01 3.780812239484112047e-01
9.868968037967684737e-01 3.317657262395454221e-01
9.869998177442407261e-01 3.540168417545088153e-01
9.871041093578660774e-01 3.701638876297157488e-01
9.872096690084932735e-01 3.268850126571096193e-01
9.873164869434184476e-01 3.667898682695825419e-01
9.874245532870512543e-01 3.565146643600387577e-01
9.875338580415915501e-01 3.282015814717300084e-01
9.876443910877160670e-01 3.764249847790354098e-01
9.877561421852786294e-01 3.409399168362128862e-01
9.878691009740184770e-01 3.365784095155520683e-01
9.879832569742813542e-01 3.776732118546334283e-01
9.880985995877523687e-01 3.282511117312327253e-01
9.882151180981978422e-01 3.511149383202692431e-01
9.883328016722204845e-01 3.678656083944771837e-01
9.884516393600244477e-01 3.225320439112476789e-01
9.885716200961928157e-01 3.674365197610555134e-01
9.886927327004754185e-01 3.499314798694384554e-01
9.888149658785891916e-01 3.263650365739576564e-01
9.889383082230281952e-01 3.772024296803139221e-01
9.890627482138872884e-01 3.314491438641749554e-01
9.891882742196954625e-01 3.402726802875432055e-01
9.893148744982624976e-01 3.724712284180216049e-01
9.894425371975347216e-01 3.202246571993512259e-01
9.895712503564650930e-01 3.603177934483988709e-01
9.897010019058934960e-01 3.536156452021452790e-01
9.898317796694381387e-01 3.212010061793047488e-01
9.899635713644007184e-01 3.753433833094576011e-01
9.900963646026810228e-01 3.310964224503691322e-01
9.902301468917048544e-01 3.359045824580987882e-01
9.903649056353632796e-01 3.721555757488546057e-01
9.905006281349633124e-01 3.172851538877309308e-01
9.906373015901911439e-01 3.593986207247287790e-01
9.907749131000868070e-01 3.501272824275686313e-01
9.909134496640309431e-01 3.194365747844107872e-01
9.910528981827432249e-01 3.754604378831302158e-01
9.911932454592932151e-01 3.250131015158640446e-01
9.913344782001217714e-01 3.388619685260745307e-01
9.914765830160773286e-01 3.666231579429058973e-01
9.916195464234600632e-01 3.135249964075547680e-01
9.917633548450823788e-01 3.656267123433192268e-01
9.919079946113378288e-01 3.382678600104175315e-01
9.920534519612843605e-01 3.232262004923561749e-01
9.921997130437376633e-01 3.743085268629494644e-01
9.923467639183790601e-01 3.150510854718463483e-01
9.924945905568726134e-01 3.512866343893266130e-01
9.926431788439959991e-01 3.512166932106371986e-01
9.927925145787830363e-01 3.141492959443542010e-01
9.929425834756783198e-01 3.739025825525387203e-01
9.930933711657030649e-01 3.200272152148235794e-01
9.932448631976341646e-01 3.386652062397035312e-01
9.933970450391936824e-01 3.604362271954474894e-01
9.935499020782521118e-01 3.097820932983268438e-01
9.937034196240426276e-01 3.696491452234270114e-01
9.938575829083867719e-01 3.251130268686253100e-01
9.940123770869325748e-01 3.299124655113194748e-01
9.941677872404053318e-01 3.653691482527869905e-01
9.943237983758679288e-01 3.077984940957887439e-01
9.944803954279970437e-01 3.654160141670231843e-01
9.946375632603655648e-01 3.280973663198448187e-01
9.947952866667423288e-01 3.250510379983867493e-01
9.949535503723997421e-01 3.669282245376259133e-01
9.951123390354343901e-01 3.065083627186864779e-01
9.952716372481004159e-01 3.634008584361680949e-01
9.954314295381520017e-01 3.278500502876440237e-01
9.955917003701996171e-01 3.237416807564566512e-01
9.957524341470764817e-01 3.658485494473605049e-01
9.959136152112171292e-01 3.052057109053711859e-01
9.960752278460472953e-01 3.643328640039870669e-01
9.962372562773841311e-01 3.240451823000143339e-01
9.963996846748496283e-01 3.261190834981525510e-01
9.965624971532934806e-01 3.617854640355552820e-01
9.967256777742272700e-01 3.043112004578291119e-01
9.968892105472708653e-01 3.675952378263053766e-01
9.970530794316085910e-01 3.171518956274569367e-01
9.972172683374572744e-01 3.328985454616074091e-01
9.973817611275435091e-01 3.533662380907983680e-01
9.975465416185941292e-01 3.054519410171572247e-01
9.977115935828345661e-01 3.706556012928228783e-01
9.978769007494999732e-01 3.088612293072180437e-01
9.980424468063552323e-01 3.446282266846359410e-01
9.982082154012269504e-01 3.394725468366314725e-01
9.983741901435441157e-01 3.114015444777414876e-01
9.985403546058886359e-01 3.684440998360506425e-01
9.987066923255591977e-01 3.025232705480364603e-01
9.988731868061402341e-01 3.593981172212599717e-01
9.990398215190846587e-01 3.216956361998318248e-01
9.992065799053040376e-01 3.253459121886270733e-01
9.993734453767694204e-01 3.552384093956386102e-01
9.995404013181212743e-01 3.030324370448798654e-01
9.997074310882885229e-01 3.692178727076984024e-01
9.998745180221169093e-01 3.059509348890426805e-01
1.000041645432006687e+00 3.474671527027071161e-01
1.000208796609559192e+00 3.313009832128608889e-01
1.000375954827231517e+00 3.159675414982872077e-01
1.000543103340000073e+00 3.612208287042326660e-01
1.000710225387033914e+00 3.007742583747003984e-01
1.000877304193374062e+00 3.667340687409179067e-01
1.001044322971623046e+00 3.078803085970556741e-01
1.001211264923641098e+00 3.429486721211826294e-01
1.001378113242250345e+00 3.331451432591757689e-01
1.001544851112948553e+00 3.143300599348180513e-01
1.001711461715626639e+00 3.604777607511288062e-01
1.001877928226297509e+00 3.004463931951228961e-01
1.002044233818828900e+00 3.666504750340864871e-01
1.002210361666685312e+00 3.055420557219102884e-01
1.002376294944675506e+00 3.469790857434088549e-01
1.002542016830706650e+00 3.267233873033395519e-01
1.002707510507546251e+00 3.198318714426261478e-01
1.002872759164587846e+00 3.531963509731920747e-01
1.003037745999624697e+00 3.026518485013838244e-01
1.003202454220628370e+00 3.668394422420764300e-01
1.003366867047533972e+00 3.009692533968670314e-01
1.003530967714028721e+00 3.577067654087900395e-01
1.003694739469347619e+00 3.139357439719233089e-01
1.003858165580072903e+00 3.343744868855350605e-01
1.004021229331939491e+00 3.366438204586289507e-01
1.004183914031643088e+00 3.124576260074389267e-01
1.004346203008654514e+00 3.581416042157947177e-01
1.004508079617036698e+00 3.010135445019933575e-01
1.004669527237266102e+00 3.658536925391895900e-01
1.004830529278057050e+00 3.018965608241873655e-01
1.004991069178191365e+00 3.559016544088637324e-01
1.005151130408348248e+00 3.138469771047379675e-01
1.005310696472939025e+00 3.357696366764983398e-01
1.005469750911944793e+00 3.331627459176119688e-01
1.005628277302753837e+00 3.162224086886187280e-01
1.005786259262004601e+00 3.526760544711939893e-01
1.005943680447427768e+00 3.038846150982880134e-01
1.006100524559691456e+00 3.638802542383994254e-01
1.006256775344247512e+00 3.006307330633601893e-01
1.006412416593177817e+00 3.621421934394092323e-01
1.006567432147043251e+00 3.059848668564558172e-01
1.006721805896731770e+00 3.495582406637114947e-01
1.006875521785306704e+00 3.183371107024433044e-01
1.007028563809856170e+00 3.324772192435550000e-01
1.007180916023341144e+00 3.346566918641591393e-01
1.007332562536443321e+00 3.169827061726331330e-01
1.007483487519412524e+00 3.504143831304723511e-01
1.007633675203911894e+00 3.065052616309834610e-01
1.007783109884862638e+00 3.608940611215596395e-01
1.007931775922287443e+00 3.020684513363781076e-01
1.008079657743149671e+00 3.632630130707454885e-01
1.008226739843193887e+00 3.034209726151035902e-01
1.008373006788779724e+00 3.577191028886894109e-01
1.008518443218715532e+00 3.097543337399356611e-01
1.008663033846089130e+00 3.468821501957788933e-01
1.008806763460092792e+00 3.198313917409373319e-01
1.008949616927846016e+00 3.341653991460940554e-01
1.009091579196214949e+00 3.319195879634244117e-01
1.009232635293624281e+00 3.223837404346631685e-01
1.009372770331869340e+00 3.439152435888646053e-01
1.009511969507918216e+00 3.132068837057201960e-01
1.009650218105711650e+00 3.537594065381247099e-01
1.009787501497956708e+00 3.072893754937909283e-01
1.009923805147912912e+00 3.599561104934247968e-01
1.010059114611175479e+00 3.046447113564912379e-01
1.010193415537447903e+00 3.619097577496249163e-01
1.010326693672311205e+00 3.049649413896440842e-01
1.010458934858983415e+00 3.599282480673554607e-01
1.010590125040074172e+00 3.077971784148585410e-01
1.010720250259327768e+00 3.549471088905522542e-01
1.010849296663362207e+00 3.126112435442540138e-01
1.010977250503397151e+00 3.481516131533503033e-01
1.011104098136973883e+00 3.188228121245625934e-01
1.011229826029665713e+00 3.406601991437070986e-01
1.011354420756780392e+00 3.258182269687883714e-01
1.011477869005050767e+00 3.333445121487404461e-01
1.011600157574316983e+00 3.329970696894118398e-01
1.011721273379198482e+00 3.267788509886269677e-01
1.011841203450753124e+00 3.398256230403441935e-01
1.011959934938128081e+00 3.212721673717743864e-01
1.012077455110198088e+00 3.458848618943365927e-01
1.012193751357192140e+00 3.169341971899737320e-01
1.012308811192308200e+00 3.508989645620103071e-01
1.012422622253315696e+00 3.137433595944650877e-01
1.012535172304146025e+00 3.547388529543318292e-01
1.012646449236469959e+00 3.116014611755930086e-01
1.012756441071261282e+00 3.574039480041626970e-01
1.012865135960347329e+00 3.103720210259959256e-01
1.012972522187946200e+00 3.589904899787662029e-01
1.013078588172189320e+00 3.099046944472301779e-01
1.013183322466629344e+00 3.596557039717628856e-01
1.013286713761734958e+00 3.100498226556062109e-01
1.013388750886368372e+00 3.595850584516470105e-01
1.013489422809248808e+00 3.106666823175210923e-01
1.013588718640400899e+00 3.589667010345178877e-01
1.013686627632586656e+00 3.116279482884789509e-01
1.013783139182719673e+00 3.579742666414167385e-01
1.013878242833266441e+00 3.128219006950179182e-01
1.013971928273627032e+00 3.567573027275651176e-01
1.014064185341501334e+00 3.141532253444278000e-01
1.014155004024237750e+00 3.554376069214868483e-01
1.014244374460162357e+00 3.155428663830185387e-01
1.014332286939892080e+00 3.541095753020518377e-01
1.014418731907629434e+00 3.169272041603814483e-01
1.014503699962438832e+00 3.528428949173097462e-01
1.014587181859502030e+00 3.182567581132610401e-01
1.014669168511358688e+00 3.516863212401787897e-01
1.014749650989124508e+00 3.194945881759714834e-01
1.014828620523690494e+00 3.506716962795720094e-01
1.014906068506902903e+00 3.206145516169121579e-01
1.014981986492724086e+00 3.498177071454467990e-01
1.015056366198370474e+00 3.215995501494228193e-01
1.015129199505433011e+00 3.491331355419986515e-01
1.015200478460974942e+00 3.224398726609880028e-01
1.015270195278608956e+00 3.486195133658138157e-01
1.015338342339553890e+00 3.231317055776418146e-01
1.015404912193669240e+00 3.482731972534188203e-01
1.015469897560468127e+00 3.236758505514309991e-01
1.015533291330108279e+00 3.480869257536990391e-01
1.015595086564361704e+00 3.240766615168582665e-01
1.015655276497561044e+00 3.480509436962023195e-01
1.015713854537523497e+00 3.243411920733566545e-01
1.015770814266452993e+00 3.481537817015367131e-01
1.015826149441818371e+00 3.244785300081455270e-01
1.015879853997208704e+00 3.483827729593787503e-01
1.015931922043165736e+00 3.244992878681227655e-01
1.015982347867992353e+00 3.487243795164042814e-01
1.016031125938537505e+00 3.244152156588839819e-01
1.016078250900957158e+00 3.491643892729395793e-01
1.016123717581451924e+00 3.242389026509503447e-01
1.016167520986979156e+00 3.496880341703874073e-01
1.016209656305942399e+00 3.239835386856739774e-01
1.016250118908854194e+00 3.502800702283156986e-01
1.016288904348976896e+00 3.236627102959839242e-01
1.016326008362936184e+00 3.509248512801498854e-01
1.016361426871310814e+00 3.232902125662954207e-01
1.016395155979197940e+00 3.516064203348087114e-01
1.016427191976751798e+00 3.228798633499672666e-01
1.016457531339697740e+00 3.523086352472094562e-01
1.016486170729821170e+00 3.224453118564063470e-01
1.016513106995430737e+00 3.530153386544092053e-01
1.016538337171795536e+00 3.219998383330572311e-01
1.016561858481556557e+00 3.537105758083989304e-01
1.016583668335112822e+00 3.215561455104903321e-01
1.016603764330981541e+00 3.543788580440251912e-01
1.016622144256131399e+00 3.211261454603699383e-01
1.016638806086290980e+00 3.550054642473424171e-01
1.016653747986229872e+00 3.207207476046619599e-01
1.016666968310014019e+00 3.555767680617953341e-01
1.016678465601236203e+00 3.203496547597101118e-01
1.016688238593216553e+00 3.560805749305131496e-01
1.016696286209180622e+00 3.200211745215108539e-01
1.016702607562409488e+00 3.565064506922351883e-01
1.016707201956362105e+00 3.197420529961982338e-01
1.016710068884773221e+00 3.568460225492857685e-01
1.016711208031724212e+00 3.195173371408525087e-01
1.016710619271685712e+00 3.570932339302717029e-01
1.016708302669536712e+00 3.193502708398355816e-01
1.016704258480554790e+00 3.572445370735999326e-01
1.016698487150380359e+00 3.192422285319974073e-01
1.016690989314954496e+00 3.572990108891888061e-01
1.016681765800431680e+00 3.191926887385541090e-01
1.016670817623062328e+00 3.572583964969109349e-01
1.016658145989053130e+00 3.191992484197200275e-01
1.016643752294398739e+00 3.571270483389132888e-01
1.016627638124686595e+00 3.192576776383224679e-01
1.016609805254876653e+00 3.569118043884083602e-01
1.016590255649054031e+00 3.193620126861940745e-01
1.016568991460157001e+00 3.566217841797709731e-01
1.016546015029675232e+00 3.195046846298300047e-01
1.016521328887326714e+00 3.562681276585071277e-01
1.016494935750703599e+00 3.196766792064407170e-01
1.016466838524897165e+00 3.558636907903566793e-01
1.016437040302091921e+00 3.198677232638003076e-01
1.016405544361138613e+00 3.554227152127972800e-01
1.016372354167097480e+00 3.200664925762446433e-01
1.016337473370758859e+00 3.549604888483176568e-01
1.016300905808136701e+00 3.202608359541213590e-01
1.016262655499937440e+00 3.544930123621969353e-01
1.016222726651003327e+00 3.204380113080287917e-01
1.016181123649731122e+00 3.540366827883802414e-01
1.016137851067464570e+00 3.205849307219718614e-01
1.016092913657864027e+00 3.536080007845417983e-01
1.016046316356249202e+00 3.206884137737563978e-01
1.015998064278919699e+00 3.532233020558411818e-01
1.015948162722448034e+00 3.207354512993761952e-01
1.015896617162952431e+00 3.528985067288326616e-01
1.015843433255341210e+00 3.207134854236204369e-01
1.015788616832537183e+00 3.526488730374310321e-01
1.015732173904675406e+00 3.206107158369024268e-01
1.015674110658279394e+00 3.524887337191691672e-01
1.015614433455411802e+00 3.204164466680876067e-01
1.015553148832804897e+00 3.524311851081530222e-01
1.015490263500965273e+00 3.201214924478514856e-01
1.015425784343256366e+00 3.524876901699445231e-01
1.015359718414960311e+00 3.197186650223701743e-01
1.015292072942314938e+00 3.526675479415661285e-01
1.015222855321529671e+00 3.192033650740875861e-01
1.015152073117780107e+00 3.529771736361337897e-01
1.015079734064179284e+00 3.185743013381869826e-01
1.015005846060728523e+00 3.534191272887440838e-01
1.014930417173247168e+00 3.178343566652428454e-01
1.014853455632281021e+00 3.539908265325302228e-01
1.014774969831989004e+00 3.169916119524601172e-01
1.014694968329010960e+00 3.546828846691914561e-01
1.014613459841313681e+00 3.160605259905606146e-01
1.014530453247016961e+00 3.554770345540063659e-01
1.014445957583202107e+00 3.150632513954716996e-01
1.014359982044696684e+00 3.563436404630189180e-01
1.014272535982843948e+00 3.140310447002028771e-01
1.014183628904250956e+00 3.572388753324763910e-01
1.014093270469518471e+00 3.130057039495572346e-01
1.014001470491952439e+00 3.581017626325321279e-01
1.013908238936257478e+00 3.120409417579471101e-01
1.013813585917211268e+00 3.588514625296041483e-01
1.013717521698322965e+00 3.112035769424530418e-01
1.013620056690472948e+00 3.593854250063328037e-01
1.013521201450534814e+00 3.105744009682994689e-01
1.013420966679983382e+00 3.595793231749722096e-01
1.013319363223482261e+00 3.102485360275032411e-01
1.013216402067458333e+00 3.592899674502738061e-01
1.013112094338658897e+00 3.103350255139641356e-01
1.013006451302692401e+00 3.583625811849970866e-01
1.012899484362555613e+00 3.109552425145731824e-01
1.012791205057144150e+00 3.566437231702682120e-01
1.012681625059749235e+00 3.122394083520981245e-01
1.012570756176538911e+00 3.540005592095754605e-01
1.012458610345026377e+00 3.143200211820903478e-01
1.012345199632523007e+00 3.503459269668931508e-01
1.012230536234578926e+00 3.173202897142891610e-01
1.012114632473410047e+00 3.456666861891048992e-01
1.011997500796312233e+00 3.213348752506470785e-01
1.011879153774061679e+00 3.400505377358730152e-01
1.011759604099304433e+00 3.263997864533335069e-01
1.011638864584934128e+00 3.337046617165774220e-01
1.011516948162455964e+00 3.324490438816108950e-01
1.011393867880340913e+00 3.269593985107193679e-01
1.011269636902369484e+00 3.392591881637096463e-01
1.011144268505962174e+00 3.202528975945906908e-01
1.011017776080502584e+00 3.463904875282103890e-01
1.010890173125647218e+00 3.140982941233809722e-01
1.010761473249629061e+00 3.531463058840489389e-01
1.010631690167547614e+00 3.090417440029961660e-01
1.010500837699653598e+00 3.585862834440787794e-01
1.010368929769621893e+00 3.056237181171576056e-01
1.010235980402817813e+00 3.616349683396664627e-01
1.010102003724554054e+00 3.043526534786606397e-01
1.009967013958339876e+00 3.613097270941141859e-01
1.009831025424122952e+00 3.056862770787355243e-01
1.009694052536524334e+00 3.570387091559609205e-01
1.009556109803065871e+00 3.099930861773689816e-01
1.009417211822390081e+00 3.489636780562161977e-01
1.009277373282476242e+00 3.174441473080923948e-01
1.009136608958847381e+00 3.380732483299854763e-01
1.008994933712773934e+00 3.277860200353227560e-01
1.008852362489470966e+00 3.260539878596466212e-01
1.008708910316290286e+00 3.400055872439662341e-01
1.008564592300907670e+00 3.148937142460911387e-01
1.008419423629506317e+00 3.520442726635826802e-01
1.008273419564954976e+00 3.064344016787733938e-01
1.008126595444983398e+00 3.608996624543467924e-01
1.007978966680353139e+00 3.021069511691292231e-01
1.007830548753026356e+00 3.634571472283166793e-01
1.007681357214329720e+00 3.029183323580645348e-01
1.007531407683117664e+00 3.579636943977792529e-01
1.007380715843932295e+00 3.094895403600688710e-01
1.007229297445160654e+00 3.453115642719898348e-01
1.007077168297191294e+00 3.217556047504416261e-01
1.006924344270568872e+00 3.290281074917342230e-01
1.006770841294146512e+00 3.380867619054906958e-01
1.006616675353240176e+00 3.137649161835615597e-01
1.006461862487778136e+00 3.543080454691167058e-01
1.006306418790453794e+00 3.034577961600001261e-01
1.006150360404876487e+00 3.641063079629179855e-01
1.005993703523722305e+00 3.005439773068644405e-01
1.005836464386887119e+00 3.621056181596468138e-01
1.005678659279638287e+00 3.062759836452177975e-01
1.005520304530768572e+00 3.480713457741085315e-01
1.005361416510750283e+00 3.207140076119011085e-01
1.005202011629892533e+00 3.279563936861110696e-01
1.005042106336499153e+00 3.410766644701976325e-01
1.004881717115028161e+00 3.100886413815073794e-01
1.004720860484254352e+00 3.596592087638499358e-01
1.004559552995434979e+00 3.005997201117017181e-01
1.004397811230476778e+00 3.658801510066259643e-01
1.004235651800106544e+00 3.024100330582347174e-01
1.004073091342046142e+00 3.544980361543947911e-01
1.003910146519188640e+00 3.162945140856034398e-01
1.003746834017780643e+00 3.317853940349323461e-01
1.003583170545607528e+00 3.393688299141321418e-01
1.003419172830182005e+00 3.104807434840027303e-01
1.003254857616939333e+00 3.611031361726124711e-01
1.003090241667434546e+00 3.001234756520463898e-01
1.002925341757546995e+00 3.661938959993610299e-01
1.002760174675688232e+00 3.045902631031693342e-01
1.002594757221015875e+00 3.492219731792806647e-01
1.002429106201653930e+00 3.240260895839083832e-01
1.002263238432915982e+00 3.226086039618411005e-01
1.002097170735538612e+00 3.513003993629238986e-01
1.001930919933916364e+00 3.036390420380724597e-01
1.001764502854346928e+00 3.677708291282700825e-01
1.001597936323279869e+00 3.013647148834772693e-01
1.001431237165574695e+00 3.575544482823798109e-01
1.001264422202762905e+00 3.177937284224992553e-01
1.001097508251320267e+00 3.291981697328248413e-01
1.000930512120943527e+00 3.471558735734897039e-01
1.000763450612836891e+00 3.058832544293775824e-01
1.000596340518003835e+00 3.681286916328789238e-01
1.000429198615549353e+00 3.015694697106620636e-01
1.000262041670987534e+00 3.585837089785386955e-01
1.000094886434558683e+00 3.192610546015270945e-01
9.999277496395548859e-01 3.278221487895553454e-01
9.997606480006528962e-01 3.512146226608270361e-01
9.995935982122566843e-01 3.045843351014768108e-01
9.994266169468483119e-01 3.697419393716983582e-01
9.992597208533470221e-01 3.044020337411518784e-01
9.990929265554786554e-01 3.523131499184536386e-01
9.989262506501529471e-01 3.288209751606098741e-01
9.987597097058508178e-01 3.190672747149602140e-01
9.985933202610211001e-01 3.620925443741161431e-01
9.984270988224858145e-01 3.023500164020805903e-01
9.982610618638571021e-01 3.673095425532656999e-01
9.980952258239610408e-01 3.137465699495072813e-01
9.979296071052746742e-01 3.365990893797432548e-01
9.977642220723702549e-01 3.479011192982336964e-01
9.975990870503707031e-01 3.077076428029571487e-01
9.974342183234164994e-01 3.711826754550913710e-01
9.972696321331397940e-01 3.068015869050563782e-01
9.971053446771523943e-01 3.509539913889820895e-01
9.969413721075423007e-01 3.359253156780593330e-01
9.967777305293802348e-01 3.155321834490156796e-01
9.966144359992398227e-01 3.690688537595603336e-01
9.964515045237249957e-01 3.050245032057002925e-01
9.962889520580106018e-01 3.600155021815625300e-01
9.961267945043926764e-01 3.287239620676484786e-01
9.959650477108514810e-01 3.223471895332540860e-01
9.958037274696233121e-01 3.661336504915634338e-01
9.956428495157850778e-01 3.056192088795576800e-01
9.954824295258499767e-01 3.645578295647737832e-01
9.953224831163732800e-01 3.260121558982541634e-01
9.951630258425718800e-01 3.263107141266741174e-01
9.950040731969521657e-01 3.651502251812359101e-01
9.948456406079517755e-01 3.068855656434745227e-01
9.946877434385921202e-01 3.658673398840604496e-01
9.945303969851421177e-01 3.271167194098308917e-01
9.943736164757939200e-01 3.268523214416644840e-01
9.942174170693506285e-01 3.668856871494624583e-01
9.940618138539242254e-01 3.083235382120615431e-01
9.939068218456483805e-01 3.643603730590250223e-01
9.937524559873984753e-01 3.318491952476158580e-01
9.935987311475281691e-01 3.242601179100111919e-01
9.934456621186144032e-01 3.706703777252185472e-01
9.932932636162155049e-01 3.105599861837248787e-01
9.931415502776422821e-01 3.594479335097487405e-01
9.929905366607385542e-01 3.404479606058368746e-01
9.928402372426754496e-01 3.196474986837075649e-01
9.926906664187578055e-01 3.743576315260903065e-01
9.925418385012411138e-01 3.152001959622396376e-01
9.923937677181616790e-01 3.503786590046592542e-01
9.922464682121783230e-01 3.527675200497679686e-01
9.920999540394263017e-01 3.151805863175669575e-01
9.919542391683825455e-01 3.742189376145911295e-01
9.918093374787438909e-01 3.244655017443860423e-01
9.916652627603166348e-01 3.377981462526143952e-01
9.915220287119187459e-01 3.665796690689264170e-01
9.913796489402927348e-01 3.141143614564129716e-01
9.912381369590324010e-01 3.662566351939446907e-01
9.910975061875202385e-01 3.400672579240771598e-01
9.909577699498770542e-01 3.250579953956149737e-01
9.908189414739241307e-01 3.757755832340961000e-01
9.906810338901566038e-01 3.203283425927960781e-01
9.905440602307296061e-01 3.499206636678611759e-01
9.904080334284549592e-01 3.602380291808114920e-01
9.902729663158119644e-01 3.177972291005330407e-01
9.901388716239679644e-01 3.720996580254541386e-01
9.900057619818116716e-01 3.368093153881017709e-01
9.898736499149990431e-01 3.313324369779281908e-01
9.897425478450095904e-01 3.756451784496162571e-01
9.896124680882153468e-01 3.219524782965252352e-01
9.894834228549619359e-01 3.537198151132982527e-01
9.893554242486598538e-01 3.608735909796649821e-01
9.892284842648900733e-01 3.208241747531084265e-01
9.891026147905185306e-01 3.725798107015605432e-01
9.889778276028240445e-01 3.409076046970659912e-01
9.888541343686375606e-01 3.319502667963432629e-01
9.887315466434921651e-01 3.773779592017835194e-01
9.886100758707865310e-01 3.270063358521523300e-01
9.884897333809569142e-01 3.503593910042030468e-01
9.883705303906643591e-01 3.676792051630720648e-01
9.882524780019891208e-01 3.231904884115093246e-01
9.881355872016412967e-01 3.681978627065082832e-01
9.880198688601781187e-01 3.514253365314404798e-01
9.879053337312357908e-01 3.289517440209492327e-01
9.877919924507713167e-01 3.778688575391652704e-01
9.876798555363158760e-01 3.369800281874819059e-01
9.875689333862395225e-01 3.416705048947816792e-01
9.874592362790263200e-01 3.764823000606761783e-01
9.873507743725614683e-01 3.287266334738289109e-01
9.872435577034293086e-01 3.572024051910624998e-01
9.871375961862214332e-01 3.667717893106030025e-01
9.870328996128580057e-01 3.275576855798411069e-01
9.869294776519168533e-01 3.706959040722771492e-01
9.868273398479764369e-01 3.540216975959175061e-01
9.867264956209673699e-01 3.325869383803397028e-01
9.866269542655363711e-01 3.783635969066741489e-01
9.865287249504200995e-01 3.427001146687227995e-01
9.864318167178298680e-01 3.420706094883355086e-01
9.863362384828466833e-01 3.789532603627661089e-01
9.862419990328280539e-01 3.351791416568376536e-01
9.861491070268235681e-01 3.537224966117252789e-01
9.860575709950023526e-01 3.737363971711333832e-01
9.859673993380909662e-01 3.320990861233818481e-01
9.858786003268196207e-01 3.650627159969618285e-01
9.857911821013832787e-01 3.652916406194411936e-01
9.857051526709068590e-01 3.331290637737379656e-01
9.856205199129265404e-01 3.739711123775916746e-01
9.855372915728778382e-01 3.561750902896689275e-01
9.854554752635946713e-01 3.374856888460965321e-01
9.853750784648187544e-01 3.791875851692002586e-01
9.852961085227189830e-01 3.481920623965661932e-01
9.852185726494210316e-01 3.441756146131121352e-01
9.851424779225457229e-01 3.804786020505914745e-01
9.850678312847598317e-01 3.422893030161018313e-01
9.849946395433339941e-01 3.521192632358871033e-01
9.849229093697123849e-01 3.784356890596585754e-01
9.848526472990907221e-01 3.387628386695196725e-01
9.847838597300058172e-01 3.602645679328110306e-01
9.847165529239327864e-01 3.740845587458199173e-01
9.846507330048938078e-01 3.375170724919129839e-01
9.845864059590748729e-01 3.677080775119191403e-01
9.845235776344531953e-01 3.685144531691183500e-01
9.844622537404339457e-01 3.382584793209114649e-01
9.844024398474956472e-01 3.737920311592279332e-01
9.843441413868470047e-01 3.626424442331832032e-01
9.842873636500898415e-01 3.406105234034065288e-01
9.842321117888954696e-01 3.781468968677805798e-01
9.841783908146870541e-01 3.571221911408314353e-01
9.841262055983329704e-01 3.441745129013352722e-01
9.840755608698488199e-01 3.806738103430156728e-01
9.840264612181082171e-01 3.523515269019250606e-01
9.839789110905649006e-01 3.485620872097130452e-01
9.839329147929807284e-01 3.814841995644653871e-01
9.838884764891661083e-01 3.485262356236524806e-01
9.838456002007263113e-01 3.534147529784779640e-01
9.838042898068192210e-01 3.808225747497245295e-01
9.837645490439216323e-01 3.457031974867109114e-01
9.837263815056037641e-01 3.584167709862370876e-01
9.836897906423127669e-01 3.789944168530997581e-01
9.836547797611665533e-01 3.438545799668961678e-01
9.836213520257550691e-01 3.633028658993833759e-01
9.835895104559500002e-01 3.763114243774376422e-01
9.835592579277262493e-01 3.429075637460812787e-01
9.835305971729884078e-01 3.678608231081616498e-01
9.835035307794088855e-01 3.730572497274238786e-01
9.834780611902730341e-01 3.427705426408488298e-01
9.834541907043350406e-01 3.719293339977113311e-01
9.834319214756799266e-01 3.694710835021875472e-01
9.834112555135963163e-01 3.433489145865535330e-01
9.833921946824575322e-01 3.753921445399207024e-01
9.833747407016106834e-01 3.657441111761444152e-01
9.833588951452747473e-01 3.445536197372507381e-01
9.833446594424486431e-01 3.781700067564667256e-01
9.833320348768245234e-01 3.620238400247630661e-01
9.833210225867140553e-01 3.463048566503327264e-01
9.833116235649801418e-01 3.802119840634534120e-01
9.833038386589785240e-01 3.584223499706327698e-01
9.832976685705077102e-01 3.485325919161006425e-01
9.832931138557676753e-01 3.814874268323865114e-01
9.832901749253271095e-01 3.550258141714672244e-01
9.832888520440992153e-01 3.511748174849588788e-01
