1.000000000000000056e-01 2.705837004002402679e-01
1.017118699371902663e-01 2.705883857794862402e-01
1.034530448611991338e-01 2.705931530454935285e-01
1.052240264352859583e-01 2.705980036575448278e-01
1.070253249105327931e-01 2.706029391018585084e-01
1.088574592728564217e-01 2.706079608921204693e-01
1.107209573925375945e-01 2.706130705700198757e-01
1.126163561763097315e-01 2.706182697057990527e-01
1.145442017220510977e-01 2.706235598988141478e-01
1.165050494761254996e-01 2.706289427781124468e-01
1.184994643934159375e-01 2.706344200030144642e-01
1.205280211000983592e-01 2.706399932637137407e-01
1.225913040592012809e-01 2.706456642818886871e-01
1.246899077390003080e-01 2.706514348113246982e-01
1.268244367842945308e-01 2.706573066385566939e-01
1.289955061906157552e-01 2.706632815835157135e-01
1.312037414814193614e-01 2.706693615002003228e-01
1.334497788883086122e-01 2.706755482773512411e-01
1.357342655343445059e-01 2.706818438391506154e-01
1.380578596204929676e-01 2.706882501459342283e-01
1.404212306152645418e-01 2.706947691949099233e-01
1.428250594475999058e-01 2.707014030209063393e-01
1.452700387030574913e-01 2.707081536971314706e-01
1.477568728233598638e-01 2.707150233359412739e-01
1.502862783093554255e-01 2.707220140896363092e-01
1.528589839274553941e-01 2.707291281512719805e-01
1.554757309196040382e-01 2.707363677554821546e-01
1.581372732168436213e-01 2.707437351793271496e-01
1.608443776565352257e-01 2.707512327431578214e-01
1.635978242032982422e-01 2.707588628114979690e-01
1.663984061737319164e-01 2.707666277939491661e-01
1.692469304649838191e-01 2.707745301461125798e-01
1.721442177872312407e-01 2.707825723705337140e-01
1.750911029001421815e-01 2.707907570176681933e-01
1.780884348533846029e-01 2.707990866868662527e-01
1.811370772312524413e-01 2.708075640273847617e-01
1.842379084014793833e-01 2.708161917394147911e-01
1.873918217683125109e-01 2.708249725751383230e-01
1.905997260299174267e-01 2.708339093398082764e-01
1.938625454401906034e-01 2.708430048928474609e-01
1.971812200750530930e-01 2.708522621489791726e-01
2.005567061033029785e-01 2.708616840793783287e-01
2.039899760621044777e-01 2.708712737128521342e-01
2.074820191371932743e-01 2.708810341370437302e-01
2.110338414478782620e-01 2.708909684996678169e-01
2.146464663369223314e-01 2.709010800097702565e-01
2.183209346653853800e-01 2.709113719390167097e-01
2.220583051125149254e-01 2.709218476230142447e-01
2.258596544807703332e-01 2.709325104626577052e-01
2.297260780060684515e-01 2.709433639255109938e-01
2.336586896733406915e-01 2.709544115472177217e-01
2.376586225374913708e-01 2.709656569329411679e-01
2.417270290498511887e-01 2.709771037588465381e-01
2.458650813902187870e-01 2.709887557736041508e-01
2.500739718045864035e-01 2.710006167999360338e-01
2.543549129486468163e-01 2.710126907361948834e-01
2.587091382371812243e-01 2.710249815579773847e-01
2.631379021994275647e-01 2.710374933197783331e-01
2.676424808405327149e-01 2.710502301566752870e-01
2.722241720091920780e-01 2.710631962860608479e-01
2.768842957715826891e-01 2.710763960094051961e-01
2.816241947916973687e-01 2.710898337140630332e-01
2.864452347181906111e-01 2.711035138751257678e-01
2.913488045778454549e-01 2.711174410573044535e-01
2.963363171757769088e-01 2.711316199168620211e-01
3.014092095024858975e-01 2.711460552035948046e-01
3.065689431478818006e-01 2.711607517628442099e-01
3.118170047223923769e-01 2.711757145375668920e-01
3.171549062852822565e-01 2.711909485704435130e-01
3.225841857803039558e-01 2.712064590060391800e-01
3.281064074788070939e-01 2.712222510930081265e-01
3.337231624304318189e-01 2.712383301863456886e-01
3.394360689215190630e-01 2.712547017497025648e-01
3.452467729413670749e-01 2.712713713577298846e-01
3.511569486564699027e-01 2.712883446984942215e-01
3.571682988928747693e-01 2.713056275759338498e-01
3.632825556267957889e-01 2.713232259123736223e-01
3.695014804836274647e-01 2.713411457510920277e-01
3.758268652454997416e-01 2.713593932589438151e-01
3.822605323675220546e-01 2.713779747290405164e-01
3.888043355028652504e-01 2.713968965834860358e-01
3.954601600368312098e-01 2.714161653761647530e-01
4.022299236300663772e-01 2.714357877956010134e-01
4.091155767710728530e-01 2.714557706678661364e-01
4.161191033381794191e-01 2.714761209595474289e-01
4.232425211711315916e-01 2.714968457807815927e-01
4.304878826524663471e-01 2.715179523883484713e-01
4.378572752988409977e-01 2.715394481888177003e-01
4.453528223624823035e-01 2.715613407417740155e-01
4.529766834429341249e-01 2.715836377630867493e-01
4.607310551092752560e-01 2.716063471282563202e-01
4.686181715329905129e-01 2.716294768758165112e-01
4.766403051316746020e-01 2.716530352108001978e-01
4.847997672237557287e-01 2.716770305082709114e-01
4.930989086944277955e-01 2.717014713169179085e-01
5.015401206729810379e-01 2.717263663627086379e-01
5.101258352217296066e-01 2.717517245526120950e-01
5.188585260367313268e-01 2.717775549783766897e-01
5.277407091605026412e-01 2.718038669203727831e-01
5.367749437069362362e-01 2.718306698514995068e-01
5.459638325986252427e-01 2.718579734411422089e-01
5.553100233168131172e-01 2.718857875591976780e-01
5.648162086641779212e-01 2.719141222801498836e-01
5.744851275406778202e-01 2.719429878872028916e-01
5.843195657326760717e-01 2.719723948764670163e-01
5.943223567155744291e-01 2.720023539611975960e-01
6.044963824701893307e-01 2.720328760760775677e-01
6.148445743130991348e-01 2.720639723815463373e-01
6.253699137412107589e-01 2.720956542681752799e-01
6.360754332907793129e-01 2.721279333610766016e-01
6.469642174111369659e-01 2.721608215243460083e-01
6.580394033533766285e-01 2.721943308655377369e-01
6.693041820742493542e-01 2.722284737401571286e-01
6.807617991555359183e-01 2.722632627561850094e-01
6.924155557391551419e-01 2.722987107785971861e-01
7.042688094782828534e-01 2.723348309339009843e-01
7.163249755047493839e-01 2.723716366146669565e-01
7.285875274130008128e-01 2.724091414840464354e-01
7.410599982609020753e-01 2.724473594802731546e-01
7.537459815876732527e-01 2.724863048211332850e-01
7.666491324492525905e-01 2.725259920083968890e-01
7.797731684713813394e-01 2.725664358321944203e-01
7.931218709207189521e-01 2.726076513753311614e-01
8.066990857942919479e-01 2.726496540175232242e-01
8.205087249275933026e-01 2.726924594395356283e-01
8.345547671216521080e-01 2.727360836272161859e-01
8.488412592893960218e-01 2.727805428754012662e-01
8.633723176216387962e-01 2.728258537916717352e-01
8.781521287730265080e-01 2.728720332999451381e-01
8.931849510682883242e-01 2.729190986438836952e-01
9.084751157291341972e-01 2.729670673900805866e-01
9.240270281221558690e-01 2.730159574310226378e-01
9.398451690280920090e-01 2.730657869877772259e-01
9.559340959328189724e-01 2.731165746123914162e-01
9.722984443404447674e-01 2.731683391899684121e-01
9.889429291088775997e-01 2.732210999403820173e-01
1.005872345808261681e+00 2.732748764196036295e-01
1.023091572102663882e+00 2.733296885205901972e-01
1.040605569155416577e+00 2.733855564737081023e-01
1.058419383058516017e+00 2.734425008466386808e-01
1.076538146286490027e+00 2.735005425437215809e-01
1.094967079175153790e+00 2.735597028046888313e-01
1.113711491425683819e+00 2.736200032027388818e-01
1.132776783634433349e+00 2.736814656418884995e-01
1.152168448848942317e+00 2.737441123535539478e-01
1.171892074150579388e+00 2.738079658922921156e-01
1.191953342264278737e+00 2.738730491306353154e-01
1.212358033195835461e+00 2.739393852529604101e-01
1.233112025897226349e+00 2.740069977483034491e-01
1.254221299960438740e+00 2.740759104020610848e-01
1.275691937340299287e+00 2.741461472864807902e-01
1.297530124106788030e+00 2.742177327498706574e-01
1.319742152227359799e+00 2.742906914044241362e-01
1.342334421379767884e+00 2.743650481125822216e-01
1.365313440795925093e+00 2.744408279718245081e-01
1.388685831137329352e+00 2.745180562977924121e-01
1.412458326402590059e+00 2.745967586056405341e-01
1.436637775867616984e+00 2.746769605895028055e-01
1.461231146059013719e+00 2.747586880999645098e-01
1.486245522761259652e+00 2.748419671194202718e-01
1.511688113058246019e+00 2.749268237351972788e-01
1.537566247409769105e+00 2.750132841103276049e-01
1.563887381763561457e+00 2.751013744518284732e-01
1.590659099703483959e+00 2.751911209763776567e-01
1.617889114634490255e+00 2.752825498732429654e-01
1.645585272004991939e+00 2.753756872643388087e-01
1.673755551567276179e+00 2.754705591612718329e-01
1.702408069676609514e+00 2.755671914192499017e-01
1.731551081629704614e+00 2.756656096877170836e-01
1.761192984043217447e+00 2.757658393575848077e-01
1.791342317272957674e+00 2.758679055049394480e-01
1.822007767874521011e+00 2.759718328310918900e-01
1.853198171106036352e+00 2.760776455988669387e-01
1.884922513473760608e+00 2.761853675650070561e-01
1.917189935321250038e+00 2.762950219086050541e-01
1.950009733462852335e+00 2.764066311554666533e-01
1.983391363862286871e+00 2.765202170983301344e-01
2.017344444357073385e+00 2.766358007128770224e-01
2.051878757429601574e+00 2.767534020694999430e-01
2.087004253025632305e+00 2.768730402407863500e-01
2.122731051421060222e+00 2.769947332047311694e-01
2.159069446137740655e+00 2.771184977437003427e-01
2.196029906909233276e+00 2.772443493391800184e-01
2.233623082697320683e+00 2.773723020624199731e-01
2.271859804760159030e+00 2.775023684610694041e-01
2.310751089772957734e+00 2.776345594419643015e-01
2.350308143002077799e+00 2.777688841502696238e-01
2.390542361533465332e+00 2.779053498452034310e-01
2.431465337556356410e+00 2.780439617726416790e-01
2.473088861703185426e+00 2.781847230349357991e-01
2.515424926446683251e+00 2.783276344583295314e-01
2.558485729555114663e+00 2.784726944584317576e-01
2.602283677606672008e+00 2.786198989042393825e-01
2.646831389564031412e+00 2.787692409812821404e-01
2.692141700410093375e+00 2.789207110545132151e-01
2.738227664845977127e+00 2.790742965316379554e-01
2.785102561052302583e+00 2.792299817276288620e-01
2.832779894514874552e+00 2.793877477312484148e-01
2.881273401915845245e+00 2.795475722744555358e-01
2.930597055091502146e+00 2.797094296056303331e-01
2.980765065057796814e+00 2.798732903676172667e-01
3.031791886104791445e+00 2.800391214816277952e-01
3.083692219961194692e+00 2.802068860380982906e-01
3.136481020030185807e+00 2.803765431956422027e-01
3.190173495697761208e+00 2.805480480892540429e-01
3.244785116714823392e+00 2.807213517489738352e-01
3.300331617654288952e+00 2.808964010301946423e-01
3.356829002444499555e+00 2.810731385568456253e-01
3.414293548980231296e+00 2.812515026786255312e-01
3.472741813812650680e+00 2.814314274434784324e-01
3.532190636919545490e+00 2.816128425864269369e-01
3.592657146557222791e+00 2.817956735358573273e-01
3.654158764195453823e+00 2.819798414382532759e-01
3.716713209536919305e+00 2.821652632022975671e-01
3.780338505622561573e+00 2.823518515631613934e-01
3.845052984024341924e+00 2.825395151676672878e-01
3.910875290126894388e+00 2.827281586808767511e-01
3.977824388499579644e+00 2.829176829145060856e-01
4.045919568360526242e+00 2.831079849773975310e-01
4.115180449134189011e+00 2.832989584480851697e-01
4.185626986104049152e+00 2.834904935693259853e-01
4.257279476162089793e+00 2.836824774642244806e-01
4.330158563656679505e+00 2.838747943734044599e-01
4.404285246340588600e+00 2.840673259124518735e-01
4.479680881420799565e+00 2.842599513486299689e-01
4.556367191711902187e+00 2.844525478956792530e-01
4.634366271894821310e+00 2.846449910252700222e-01
4.713700594882674899e+00 2.848371547935082404e-01
4.794393018295630249e+00 2.850289121807023651e-01
4.876466791046582649e+00 2.852201354423986590e-01
4.959945560039578538e+00 2.854106964695735660e-01
5.044853376982899817e+00 2.856004671557302865e-01
5.131214705318798863e+00 2.857893197685109632e-01
5.219054427271837326e+00 2.859771273233971400e-01
5.308397851017901736e+00 2.861637639569740710e-01
5.399270717975934275e+00 2.863491052972439999e-01
5.491699210224481931e+00 2.865330288284496651e-01
5.585709958045230294e+00 2.867154142479187984e-01
5.681330047595650079e+00 2.868961438125028351e-01
5.778587028712998119e+00 2.870751026722719867e-01
5.877508922851915507e+00 2.872521791892485021e-01
5.978124231157893043e+00 2.874272652391164917e-01
6.080461942678972775e+00 2.876002564939943440e-01
6.184551542717989570e+00 2.877710526845811412e-01
6.290423021327815611e+00 2.879395578401462985e-01
6.398106881952026370e+00 2.881056805051019354e-01
6.507634150213465141e+00 2.882693339310997693e-01
6.619036382853296985e+00 2.884304362438393499e-01
6.732345676823048741e+00 2.885889105840170887e-01
6.847594678532314738e+00 2.887446852220876270e-01
6.964816593254750998e+00 2.888976936467574363e-01
7.084045194695118397e+00 2.890478746273270061e-01
7.205314834720076611e+00 2.891951722502648647e-01
7.328660453255560370e+00 2.893395359305672709e-01
7.454117588353598833e+00 2.894809203986813961e-01
7.581722386431436256e+00 2.896192856638971636e-01
7.711511612685980843e+00 2.897545969553498857e-01
7.843522661686488817e+00 2.898868246418231931e-01
7.977793568148606518e+00 2.900159441317299858e-01
8.114363017892845420e+00 2.901419357547058153e-01
8.253270358990638655e+00 2.902647846263511355e-01
8.394555613101235991e+00 2.903844804976813410e-01
8.538259487002633819e+00 2.905010175909210624e-01
8.684423384319927663e+00 2.906143944232573162e-01
8.833089417454427661e+00 2.907246136201919184e-01
8.984300419716966246e+00 2.908316817200995441e-01
9.138099957668959661e+00 2.909356089715679494e-01
9.294532343674692498e+00 2.910364091250688956e-01
9.453642648668489912e+00 2.911340992204091149e-01
9.615476715140443886e+00 2.912286993713857908e-01
9.780081170344464780e+00 2.913202325489783751e-01
9.947503439732397368e+00 2.914087243642992653e-01
1.011779176061815022e+01 2.914942028524858952e-01
1.029099519607568070e+01 2.915766982585758504e-01
1.046716364907500108e+01 2.916562428263481666e-01
1.064634787686003037e+01 2.917328705909844055e-01
1.082859950557268647e+01 2.918066171763439298e-01
1.101397104512732561e+01 2.918775195975116810e-01
1.120251590433969646e+01 2.919456160692207036e-01
1.139428840631505224e+01 2.920109458206365805e-01
1.158934380409952247e+01 2.920735489169102306e-01
1.178773829659951922e+01 2.921334660878357470e-01
1.198952904477367731e+01 2.921907385638538024e-01
1.219477418810184766e+01 2.922454079195781484e-01
1.240353286133620792e+01 2.922975159249577293e-01
1.261586521153894580e+01 2.923471044041113243e-01
1.283183241541172137e+01 2.923942151018374958e-01
1.305149669692179693e+01 2.924388895577228475e-01
1.327492134522977629e+01 2.924811689877525045e-01
1.350217073292442649e+01 2.925210941732638292e-01
1.373331033456947026e+01 2.925587053570604668e-01
1.396840674556800188e+01 2.925940421464769403e-01
1.420752770134984644e+01 2.926271434231310087e-01
1.445074209688722711e+01 2.926580472591212567e-01
1.469812000654474637e+01 2.926867908393597228e-01
1.494973270426894274e+01 2.927134103897628958e-01
1.520565268412361704e+01 2.927379411109617968e-01
1.546595368117670333e+01 2.927604171172419334e-01
1.573071069274453038e+01 2.927808713803465301e-01
1.600000000000000000e+01 2.927993356778541001e-01
