1.000000000000000056e-01 2.980742115238279588e-01
1.017118699371902663e-01 2.980735388683328213e-01
1.034530448611991338e-01 2.980728544997981455e-01
1.052240264352859583e-01 2.980721582109316925e-01
1.070253249105327931e-01 2.980714497906584715e-01
1.088574592728564217e-01 2.980707290240541263e-01
1.107209573925375945e-01 2.980699956922677751e-01
1.126163561763097315e-01 2.980692495724464597e-01
1.145442017220510977e-01 2.980684904376573185e-01
1.165050494761254996e-01 2.980677180568127027e-01
1.184994643934159375e-01 2.980669321945860761e-01
1.205280211000983592e-01 2.980661326113308585e-01
1.225913040592012809e-01 2.980653190629983240e-01
1.246899077390003080e-01 2.980644913010481734e-01
1.268244367842945308e-01 2.980636490723671539e-01
1.289955061906157552e-01 2.980627921191736363e-01
1.312037414814193614e-01 2.980619201789332928e-01
1.334497788883086122e-01 2.980610329842586226e-01
1.357342655343445059e-01 2.980601302628198002e-01
1.380578596204929676e-01 2.980592117372487526e-01
1.404212306152645418e-01 2.980582771250323004e-01
1.428250594475999058e-01 2.980573261384182882e-01
1.452700387030574913e-01 2.980563584843133884e-01
1.477568728233598638e-01 2.980553738641703032e-01
1.502862783093554255e-01 2.980543719738856234e-01
1.528589839274553941e-01 2.980533525036908049e-01
1.554757309196040382e-01 2.980523151380351510e-01
1.581372732168436213e-01 2.980512595554751232e-01
1.608443776565352257e-01 2.980501854285551588e-01
1.635978242032982422e-01 2.980490924236880446e-01
1.663984061737319164e-01 2.980479802010335688e-01
1.692469304649838191e-01 2.980468484143722341e-01
1.721442177872312407e-01 2.980456967109783029e-01
1.750911029001421815e-01 2.980445247314900126e-01
1.780884348533846029e-01 2.980433321097743504e-01
1.811370772312524413e-01 2.980421184727938266e-01
1.842379084014793833e-01 2.980408834404634222e-01
1.873918217683125109e-01 2.980396266255108673e-01
1.905997260299174267e-01 2.980383476333324233e-01
1.938625454401906034e-01 2.980370460618412820e-01
1.971812200750530930e-01 2.980357215013182404e-01
2.005567061033029785e-01 2.980343735342552702e-01
2.039899760621044777e-01 2.980330017351984773e-01
2.074820191371932743e-01 2.980316056705835104e-01
2.110338414478782620e-01 2.980301848985735247e-01
2.146464663369223314e-01 2.980287389688879296e-01
2.183209346653853800e-01 2.980272674226282503e-01
2.220583051125149254e-01 2.980257697921046001e-01
2.258596544807703332e-01 2.980242456006522711e-01
2.297260780060684515e-01 2.980226943624488811e-01
2.336586896733406915e-01 2.980211155823256908e-01
2.376586225374913708e-01 2.980195087555704836e-01
2.417270290498511887e-01 2.980178733677388836e-01
2.458650813902187870e-01 2.980162088944448007e-01
2.500739718045864035e-01 2.980145148011583145e-01
2.543549129486468163e-01 2.980127905429946211e-01
2.587091382371812243e-01 2.980110355644979281e-01
2.631379021994275647e-01 2.980092492994243503e-01
2.676424808405327149e-01 2.980074311705119272e-01
2.722241720091920780e-01 2.980055805892564136e-01
2.768842957715826891e-01 2.980036969556726922e-01
2.816241947916973687e-01 2.980017796580543554e-01
2.864452347181906111e-01 2.979998280727342297e-01
2.913488045778454549e-01 2.979978415638266376e-01
2.963363171757769088e-01 2.979958194829715468e-01
3.014092095024858975e-01 2.979937611690798294e-01
3.065689431478818006e-01 2.979916659480564278e-01
3.118170047223923769e-01 2.979895331325330132e-01
3.171549062852822565e-01 2.979873620215854335e-01
3.225841857803039558e-01 2.979851519004508842e-01
3.281064074788070939e-01 2.979829020402339768e-01
3.337231624304318189e-01 2.979806116976050356e-01
3.394360689215190630e-01 2.979782801145061111e-01
3.452467729413670749e-01 2.979759065178273492e-01
3.511569486564699027e-01 2.979734901190976837e-01
3.571682988928747693e-01 2.979710301141559881e-01
3.632825556267957889e-01 2.979685256828213391e-01
3.695014804836274647e-01 2.979659759885530668e-01
3.758268652454997416e-01 2.979633801781051972e-01
3.822605323675220546e-01 2.979607373811746784e-01
3.888043355028652504e-01 2.979580467100412799e-01
3.954601600368312098e-01 2.979553072591931695e-01
4.022299236300663772e-01 2.979525181049608729e-01
4.091155767710728530e-01 2.979496783051289177e-01
4.161191033381794191e-01 2.979467868985435364e-01
4.232425211711315916e-01 2.979438429047161496e-01
4.304878826524663471e-01 2.979408453234185794e-01
4.378572752988409977e-01 2.979377931342599983e-01
4.453528223624823035e-01 2.979346852962746484e-01
4.529766834429341249e-01 2.979315207474811378e-01
4.607310551092752560e-01 2.979282984044486771e-01
4.686181715329905129e-01 2.979250171618476606e-01
4.766403051316746020e-01 2.979216758919920327e-01
4.847997672237557287e-01 2.979182734443760472e-01
4.930989086944277955e-01 2.979148086452029220e-01
5.015401206729810379e-01 2.979112802968993390e-01
5.101258352217296066e-01 2.979076871776311086e-01
5.188585260367313268e-01 2.979040280408009056e-01
5.277407091605026412e-01 2.979003016145425620e-01
5.367749437069362362e-01 2.978965066012105312e-01
5.459638325986252427e-01 2.978926416768515328e-01
5.553100233168131172e-01 2.978887054906789733e-01
5.648162086641779212e-01 2.978846966645319339e-01
5.744851275406778202e-01 2.978806137923294961e-01
5.843195657326760717e-01 2.978764554395169073e-01
5.943223567155744291e-01 2.978722201425077487e-01
6.044963824701893307e-01 2.978679064081132255e-01
6.148445743130991348e-01 2.978635127129666826e-01
6.253699137412107589e-01 2.978590375029468440e-01
6.360754332907793129e-01 2.978544791925901714e-01
6.469642174111369659e-01 2.978498361644977832e-01
6.580394033533766285e-01 2.978451067687402087e-01
6.693041820742493542e-01 2.978402893222520942e-01
6.807617991555359183e-01 2.978353821082356800e-01
6.924155557391551419e-01 2.978303833755447383e-01
7.042688094782828534e-01 2.978252913380781131e-01
7.163249755047493839e-01 2.978201041741690425e-01
7.285875274130008128e-01 2.978148200259707612e-01
7.410599982609020753e-01 2.978094369988463219e-01
7.537459815876732527e-01 2.978039531607578061e-01
7.666491324492525905e-01 2.977983665416605863e-01
7.797731684713813394e-01 2.977926751328984212e-01
7.931218709207189521e-01 2.977868768866068216e-01
8.066990857942919479e-01 2.977809697151247992e-01
8.205087249275933026e-01 2.977749514904086681e-01
8.345547671216521080e-01 2.977688200434642218e-01
8.488412592893960218e-01 2.977625731637897899e-01
8.633723176216387962e-01 2.977562085988293417e-01
8.781521287730265080e-01 2.977497240534459633e-01
8.931849510682883242e-01 2.977431171894190376e-01
9.084751157291341972e-01 2.977363856249518048e-01
9.240270281221558690e-01 2.977295269342198347e-01
9.398451690280920090e-01 2.977225386469334878e-01
9.559340959328189724e-01 2.977154182479380129e-01
9.722984443404447674e-01 2.977081631768506154e-01
9.889429291088775997e-01 2.977007708277312203e-01
1.005872345808261681e+00 2.976932385488014754e-01
1.023091572102663882e+00 2.976855636422041651e-01
1.040605569155416577e+00 2.976777433638208570e-01
1.058419383058516017e+00 2.976697749231441148e-01
1.076538146286490027e+00 2.976616554832103301e-01
1.094967079175153790e+00 2.976533821606001662e-01
1.113711491425683819e+00 2.976449520255164405e-01
1.132776783634433349e+00 2.976363621019352812e-01
1.152168448848942317e+00 2.976276093678498769e-01
1.171892074150579388e+00 2.976186907556062633e-01
1.191953342264278737e+00 2.976096031523363106e-01
1.212358033195835461e+00 2.976003434005072279e-01
1.233112025897226349e+00 2.975909082985795928e-01
1.254221299960438740e+00 2.975812946018006055e-01
1.275691937340299287e+00 2.975714990231247414e-01
1.297530124106788030e+00 2.975615182342877807e-01
1.319742152227359799e+00 2.975513488670269990e-01
1.342334421379767884e+00 2.975409875144757743e-01
1.365313440795925093e+00 2.975304307327304998e-01
1.388685831137329352e+00 2.975196750426078451e-01
1.412458326402590059e+00 2.975087169316032454e-01
1.436637775867616984e+00 2.974975528560616644e-01
1.461231146059013719e+00 2.974861792435766206e-01
1.486245522761259652e+00 2.974745924956272436e-01
1.511688113058246019e+00 2.974627889904684075e-01
1.537566247409769105e+00 2.974507650862938113e-01
1.563887381763561457e+00 2.974385171246731741e-01
1.590659099703483959e+00 2.974260414342930203e-01
1.617889114634490255e+00 2.974133343350064407e-01
1.645585272004991939e+00 2.974003921422124774e-01
1.673755551567276179e+00 2.973872111715742395e-01
1.702408069676609514e+00 2.973737877440984501e-01
1.731551081629704614e+00 2.973601181915860869e-01
1.761192984043217447e+00 2.973461988624688246e-01
1.791342317272957674e+00 2.973320261280527066e-01
1.822007767874521011e+00 2.973175963891708240e-01
1.853198171106036352e+00 2.973029060832741433e-01
1.884922513473760608e+00 2.972879516919543219e-01
1.917189935321250038e+00 2.972727297489278775e-01
1.950009733462852335e+00 2.972572368484801553e-01
1.983391363862286871e+00 2.972414696543835277e-01
2.017344444357073385e+00 2.972254249092902145e-01
2.051878757429601574e+00 2.972090994446183743e-01
2.087004253025632305e+00 2.971924901909130390e-01
2.122731051421060222e+00 2.971755941887014862e-01
2.159069446137740655e+00 2.971584085998352220e-01
2.196029906909233276e+00 2.971409307192972027e-01
2.233623082697320683e+00 2.971231579874897832e-01
2.271859804760159030e+00 2.971050880029709740e-01
2.310751089772957734e+00 2.970867185356239060e-01
2.350308143002077799e+00 2.970680475402458498e-01
2.390542361533465332e+00 2.970490731705143217e-01
2.431465337556356410e+00 2.970297937933095711e-01
2.473088861703185426e+00 2.970102080033495406e-01
2.515424926446683251e+00 2.969903146380853953e-01
2.558485729555114663e+00 2.969701127928190409e-01
2.602283677606672008e+00 2.969496018359700784e-01
2.646831389564031412e+00 2.969287814244367940e-01
2.692141700410093375e+00 2.969076515189711385e-01
2.738227664845977127e+00 2.968862123994945867e-01
2.785102561052302583e+00 2.968644646802582332e-01
2.832779894514874552e+00 2.968424093247608031e-01
2.881273401915845245e+00 2.968200476603191085e-01
2.930597055091502146e+00 2.967973813921797044e-01
2.980765065057796814e+00 2.967744126170617780e-01
3.031791886104791445e+00 2.967511438360044829e-01
3.083692219961194692e+00 2.967275779663927637e-01
3.136481020030185807e+00 2.967037183530348288e-01
3.190173495697761208e+00 2.966795687781442759e-01
3.244785116714823392e+00 2.966551334701069687e-01
3.300331617654288952e+00 2.966304171108673504e-01
3.356829002444499555e+00 2.966054248418212858e-01
3.414293548980231296e+00 2.965801622680520055e-01
3.472741813812650680e+00 2.965546354607929702e-01
3.532190636919545490e+00 2.965288509579680487e-01
3.592657146557222791e+00 2.965028157626989347e-01
3.654158764195453823e+00 2.964765373396531789e-01
3.716713209536919305e+00 2.964500236091263119e-01
3.780338505622561573e+00 2.964232829387694612e-01
3.845052984024341924e+00 2.963963241328762543e-01
3.910875290126894388e+00 2.963691564191634487e-01
3.977824388499579644e+00 2.963417894330028779e-01
4.045919568360526242e+00 2.963142331990764045e-01
4.115180449134189011e+00 2.962864981104393891e-01
4.185626986104049152e+00 2.962585949050269840e-01
4.257279476162089793e+00 2.962305346396210681e-01
4.330158563656679505e+00 2.962023286613564843e-01
4.404285246340588600e+00 2.961739885768523983e-01
4.479680881420799565e+00 2.961455262190755278e-01
4.556367191711902187e+00 2.961169536120878965e-01
4.634366271894821310e+00 2.960882829338217781e-01
4.713700594882674899e+00 2.960595264770802815e-01
4.794393018295630249e+00 2.960306966089758518e-01
4.876466791046582649e+00 2.960018057290147997e-01
4.959945560039578538e+00 2.959728662260850407e-01
5.044853376982899817e+00 2.959438904346143873e-01
5.131214705318798863e+00 2.959148905901497484e-01
5.219054427271837326e+00 2.958858787846624927e-01
5.308397851017901736e+00 2.958568669218497593e-01
5.399270717975934275e+00 2.958278666727384154e-01
5.491699210224481931e+00 2.957988894318714923e-01
5.585709958045230294e+00 2.957699462743672014e-01
5.681330047595650079e+00 2.957410479141311943e-01
5.778587028712998119e+00 2.957122046634901857e-01
5.877508922851915507e+00 2.956834263944971841e-01
5.978124231157893043e+00 2.956547225021534109e-01
6.080461942678972775e+00 2.956261018697530774e-01
6.184551542717989570e+00 2.955975728365651811e-01
6.290423021327815611e+00 2.955691431679999259e-01
6.398106881952026370e+00 2.955408200284242448e-01
6.507634150213465141e+00 2.955126099567403353e-01
6.619036382853296985e+00 2.954845188448155802e-01
6.732345676823048741e+00 2.954565519188269707e-01
6.847594678532314738e+00 2.954287137235561134e-01
6.964816593254750998e+00 2.954010081096522522e-01
7.084045194695118397e+00 2.953734382238205058e-01
7.205314834720076611e+00 2.953460065019144487e-01
7.328660453255560370e+00 2.953187146648466599e-01
7.454117588353598833e+00 2.952915637172441876e-01
7.581722386431436256e+00 2.952645539487021575e-01
7.711511612685980843e+00 2.952376849375528689e-01
7.843522661686488817e+00 2.952109555569586430e-01
7.977793568148606518e+00 2.951843639831947530e-01
8.114363017892845420e+00 2.951579077059376388e-01
8.253270358990638655e+00 2.951315835403893750e-01
8.394555613101235991e+00 2.951053876410308363e-01
8.538259487002633819e+00 2.950793155168330850e-01
8.684423384319927663e+00 2.950533620477161501e-01
8.833089417454427661e+00 2.950275215020710662e-01
8.984300419716966246e+00 2.950017875551464441e-01
9.138099957668959661e+00 2.949761533081087239e-01
9.294532343674692498e+00 2.949506113076059699e-01
9.453642648668489912e+00 2.949251535656334799e-01
9.615476715140443886e+00 2.948997715795494412e-01
9.780081170344464780e+00 2.948744563520813156e-01
9.947503439732397368e+00 2.948491984111480946e-01
1.011779176061815022e+01 2.948239878293838490e-01
1.029099519607568070e+01 2.947988142432081959e-01
1.046716364907500108e+01 2.947736668713386576e-01
1.064634787686003037e+01 2.947485345326174566e-01
1.082859950557268647e+01 2.947234056630717580e-01
1.101397104512732561e+01 2.946982683320981122e-01
1.120251590433969646e+01 2.946731102577067052e-01
1.139428840631505224e+01 2.946479188207480338e-01
1.158934380409952247e+01 2.946226810780588345e-01
1.178773829659951922e+01 2.945973837744856327e-01
1.198952904477367731e+01 2.945720133537333418e-01
1.219477418810184766e+01 2.945465559680069956e-01
1.240353286133620792e+01 2.945209974864190228e-01
1.261586521153894580e+01 2.944953235021325888e-01
1.283183241541172137e+01 2.944695193382376175e-01
1.305149669692179693e+01 2.944435700523315713e-01
1.327492134522977629e+01 2.944174604398120398e-01
1.350217073292442649e+01 2.943911750358663149e-01
1.373331033456947026e+01 2.943646981161612275e-01
1.396840674556800188e+01 2.943380136962410742e-01
1.420752770134984644e+01 2.943111055296196432e-01
1.445074209688722711e+01 2.942839571045934854e-01
1.469812000654474637e+01 2.942565516397583347e-01
1.494973270426894274e+01 2.942288720782568201e-01
1.520565268412361704e+01 2.942009010807363767e-01
1.546595368117670333e+01 2.941726210170529932e-01
1.573071069274453038e+01 2.941440139566840473e-01
1.600000000000000000e+01 2.941150616578945276e-01
