1.000000000000000056e-01 4.935057908195332743e-01
1.017118699371902663e-01 4.934343042586504247e-01
1.034530448611991338e-01 4.933615689095718349e-01
1.052240264352859583e-01 4.932875625377008966e-01
1.070253249105327931e-01 4.932122624986267634e-01
1.088574592728564217e-01 4.931356457301416807e-01
1.107209573925375945e-01 4.930576887440631939e-01
1.126163561763097315e-01 4.929783676178938756e-01
1.145442017220510977e-01 4.928976579862974217e-01
1.165050494761254996e-01 4.928155350324083805e-01
1.184994643934159375e-01 4.927319734789339933e-01
1.205280211000983592e-01 4.926469475790809516e-01
1.225913040592012809e-01 4.925604311072864783e-01
1.246899077390003080e-01 4.924723973497371343e-01
1.268244367842945308e-01 4.923828190947059369e-01
1.289955061906157552e-01 4.922916686226552763e-01
1.312037414814193614e-01 4.921989176961557022e-01
1.334497788883086122e-01 4.921045375495470831e-01
1.357342655343445059e-01 4.920084988784164115e-01
1.380578596204929676e-01 4.919107718288260878e-01
1.404212306152645418e-01 4.918113259862951780e-01
1.428250594475999058e-01 4.917101303645684540e-01
1.452700387030574913e-01 4.916071533941275273e-01
1.477568728233598638e-01 4.915023629104339209e-01
1.502862783093554255e-01 4.913957261419427680e-01
1.528589839274553941e-01 4.912872096978365133e-01
1.554757309196040382e-01 4.911767795554839444e-01
1.581372732168436213e-01 4.910644010476385435e-01
1.608443776565352257e-01 4.909500388493391876e-01
1.635978242032982422e-01 4.908336569645277425e-01
1.663984061737319164e-01 4.907152187123710041e-01
1.692469304649838191e-01 4.905946867132748856e-01
1.721442177872312407e-01 4.904720228745869104e-01
1.750911029001421815e-01 4.903471883759893402e-01
1.780884348533846029e-01 4.902201436545521873e-01
1.811370772312524413e-01 4.900908483894667600e-01
1.842379084014793833e-01 4.899592614864231588e-01
1.873918217683125109e-01 4.898253410616503212e-01
1.905997260299174267e-01 4.896890444255939112e-01
1.938625454401906034e-01 4.895503280662233947e-01
1.971812200750530930e-01 4.894091476319680223e-01
2.005567061033029785e-01 4.892654579142686200e-01
2.039899760621044777e-01 4.891192128297378039e-01
2.074820191371932743e-01 4.889703654019073586e-01
2.110338414478782620e-01 4.888188677425829298e-01
2.146464663369223314e-01 4.886646710327585685e-01
2.183209346653853800e-01 4.885077255031074484e-01
2.220583051125149254e-01 4.883479804140344327e-01
2.258596544807703332e-01 4.881853840352711749e-01
2.297260780060684515e-01 4.880198836250130290e-01
2.336586896733406915e-01 4.878514254085830060e-01
2.376586225374913708e-01 4.876799545566009031e-01
2.417270290498511887e-01 4.875054151626844745e-01
2.458650813902187870e-01 4.873277502206148082e-01
2.500739718045864035e-01 4.871469016009986053e-01
2.543549129486468163e-01 4.869628100274044913e-01
2.587091382371812243e-01 4.867754150519489342e-01
2.631379021994275647e-01 4.865846550303401519e-01
2.676424808405327149e-01 4.863904670963419274e-01
2.722241720091920780e-01 4.861927871356745978e-01
2.768842957715826891e-01 4.859915497593195188e-01
2.816241947916973687e-01 4.857866882762130190e-01
2.864452347181906111e-01 4.855781346653472719e-01
2.913488045778454549e-01 4.853658195472130843e-01
2.963363171757769088e-01 4.851496721546146307e-01
3.014092095024858975e-01 4.849296203028425900e-01
3.065689431478818006e-01 4.847055903591468984e-01
3.118170047223923769e-01 4.844775072115567460e-01
3.171549062852822565e-01 4.842452942369856461e-01
3.225841857803039558e-01 4.840088732686397832e-01
3.281064074788070939e-01 4.837681645626923932e-01
3.337231624304318189e-01 4.835230867642184571e-01
3.394360689215190630e-01 4.832735568724071396e-01
3.452467729413670749e-01 4.830194902049614880e-01
3.511569486564699027e-01 4.827608003617654964e-01
3.571682988928747693e-01 4.824973991877316570e-01
3.632825556267957889e-01 4.822291967348552588e-01
3.695014804836274647e-01 4.819561012234467867e-01
3.758268652454997416e-01 4.816780190025322095e-01
3.822605323675220546e-01 4.813948545094158815e-01
3.888043355028652504e-01 4.811065102283807460e-01
3.954601600368312098e-01 4.808128866485096853e-01
4.022299236300663772e-01 4.805138822206614924e-01
4.091155767710728530e-01 4.802093933135141435e-01
4.161191033381794191e-01 4.798993141687349917e-01
4.232425211711315916e-01 4.795835368552227584e-01
4.304878826524663471e-01 4.792619512224516320e-01
4.378572752988409977e-01 4.789344448528519149e-01
4.453528223624823035e-01 4.786009030132915565e-01
4.529766834429341249e-01 4.782612086055882950e-01
4.607310551092752560e-01 4.779152421160874908e-01
4.686181715329905129e-01 4.775628815642886105e-01
4.766403051316746020e-01 4.772040024505078137e-01
4.847997672237557287e-01 4.768384777025998500e-01
4.930989086944277955e-01 4.764661776217173350e-01
5.015401206729810379e-01 4.760869698271155692e-01
5.101258352217296066e-01 4.757007192000286544e-01
5.188585260367313268e-01 4.753072878265805490e-01
5.277407091605026412e-01 4.749065349397841862e-01
5.367749437069362362e-01 4.744983168606233259e-01
5.459638325986252427e-01 4.740824869382190276e-01
5.553100233168131172e-01 4.736588954891243208e-01
5.648162086641779212e-01 4.732273897357499592e-01
5.744851275406778202e-01 4.727878137439518458e-01
5.843195657326760717e-01 4.723400083598152110e-01
5.943223567155744291e-01 4.718838111456658546e-01
6.044963824701893307e-01 4.714190563153385916e-01
6.148445743130991348e-01 4.709455746687562505e-01
6.253699137412107589e-01 4.704631935258787867e-01
6.360754332907793129e-01 4.699717366600503765e-01
6.469642174111369659e-01 4.694710242308283155e-01
6.580394033533766285e-01 4.689608727163573354e-01
6.693041820742493542e-01 4.684410948453556212e-01
6.807617991555359183e-01 4.679114995288241596e-01
6.924155557391551419e-01 4.673718917915304916e-01
7.042688094782828534e-01 4.668220727034064210e-01
7.163249755047493839e-01 4.662618393109557724e-01
7.285875274130008128e-01 4.656909845687929317e-01
7.410599982609020753e-01 4.651092972714550022e-01
7.537459815876732527e-01 4.645165619856219119e-01
7.666491324492525905e-01 4.639125589829251051e-01
7.797731684713813394e-01 4.632970641734891482e-01
7.931218709207189521e-01 4.626698490404206332e-01
8.066990857942919479e-01 4.620306805754425539e-01
8.205087249275933026e-01 4.613793212158756596e-01
8.345547671216521080e-01 4.607155287832404023e-01
8.488412592893960218e-01 4.600390564237168967e-01
8.633723176216387962e-01 4.593496525507380635e-01
8.781521287730265080e-01 4.586470607900307583e-01
8.931849510682883242e-01 4.579310199274337356e-01
9.084751157291341972e-01 4.572012638598083600e-01
9.240270281221558690e-01 4.564575215494734439e-01
9.398451690280920090e-01 4.556995169825013292e-01
9.559340959328189724e-01 4.549269691313604924e-01
9.722984443404447674e-01 4.541395919223405464e-01
9.889429291088775997e-01 4.533370942082594612e-01
1.005872345808261681e+00 4.525191797469856891e-01
1.023091572102663882e+00 4.516855471863324145e-01
1.040605569155416577e+00 4.508358900559386595e-01
1.058419383058516017e+00 4.499698967667722926e-01
1.076538146286490027e+00 4.490872506189375613e-01
1.094967079175153790e+00 4.481876298185199503e-01
1.113711491425683819e+00 4.472707075042445246e-01
1.132776783634433349e+00 4.463361517847501125e-01
1.152168448848942317e+00 4.453836257873773907e-01
1.171892074150579388e+00 4.444127877193701504e-01
1.191953342264278737e+00 4.434232909424656310e-01
1.212358033195835461e+00 4.424147840619147565e-01
1.233112025897226349e+00 4.413869110310005284e-01
1.254221299960438740e+00 4.403393112722069347e-01
1.275691937340299287e+00 4.392716198162343599e-01
1.297530124106788030e+00 4.381834674601290391e-01
1.319742152227359799e+00 4.370744809458298463e-01
1.342334421379767884e+00 4.359442831605388480e-01
1.365313440795925093e+00 4.347924933603395936e-01
1.388685831137329352e+00 4.336187274185834828e-01
1.412458326402590059e+00 4.324225981005920261e-01
1.436637775867616984e+00 4.312037153663200173e-01
1.461231146059013719e+00 4.299616867026424538e-01
1.486245522761259652e+00 4.286961174870189129e-01
1.511688113058246019e+00 4.274066113843076331e-01
1.537566247409769105e+00 4.260927707785808760e-01
1.563887381763561457e+00 4.247541972418072964e-01
1.590659099703483959e+00 4.233904920413207318e-01
1.617889114634490255e+00 4.220012566880200766e-01
1.645585272004991939e+00 4.205860935272654477e-01
1.673755551567276179e+00 4.191446063744335704e-01
1.702408069676609514e+00 4.176764011971166868e-01
1.731551081629704614e+00 4.161810868459257517e-01
1.761192984043217447e+00 4.146582758358080545e-01
1.791342317272957674e+00 4.131075851797850751e-01
1.822007767874521011e+00 4.115286372769160206e-01
1.853198171106036352e+00 4.099210608562291469e-01
1.884922513473760608e+00 4.082844919782286919e-01
1.917189935321250038e+00 4.066185750954953160e-01
1.950009733462852335e+00 4.049229641736880603e-01
1.983391363862286871e+00 4.031973238740957366e-01
2.017344444357073385e+00 4.014413307986539059e-01
2.051878757429601574e+00 3.996546747980847525e-01
2.087004253025632305e+00 3.978370603435132380e-01
2.122731051421060222e+00 3.959882079615969497e-01
2.159069446137740655e+00 3.941078557328199783e-01
2.196029906909233276e+00 3.921957608521582372e-01
2.233623082697320683e+00 3.902517012509161831e-01
2.271859804760159030e+00 3.882754772779564711e-01
2.310751089772957734e+00 3.862669134380281033e-01
2.350308143002077799e+00 3.842258601842826748e-01
2.390542361533465332e+00 3.821521957613885356e-01
2.431465337556356410e+00 3.800458280949947643e-01
2.473088861703185426e+00 3.779066967225070961e-01
2.515424926446683251e+00 3.757347747593565157e-01
2.558485729555114663e+00 3.735300708941379222e-01
2.602283677606672008e+00 3.712926314050767895e-01
2.646831389564031412e+00 3.690225421894412494e-01
2.692141700410093375e+00 3.667199307965444133e-01
2.738227664845977127e+00 3.643849684540915734e-01
2.785102561052302583e+00 3.620178720766461522e-01
2.832779894514874552e+00 3.596189062440802720e-01
2.881273401915845245e+00 3.571883851369451190e-01
2.930597055091502146e+00 3.547266744148008799e-01
2.980765065057796814e+00 3.522341930227168016e-01
3.031791886104791445e+00 3.497114149103616731e-01
3.083692219961194692e+00 3.471588706473935360e-01
3.136481020030185807e+00 3.445771489182807845e-01
3.190173495697761208e+00 3.419668978791454150e-01
3.244785116714823392e+00 3.393288263589279707e-01
3.300331617654288952e+00 3.366637048868916793e-01
3.356829002444499555e+00 3.339723665285302956e-01
3.414293548980231296e+00 3.312557075120304839e-01
3.472741813812650680e+00 3.285146876278670081e-01
3.532190636919545490e+00 3.257503303846305820e-01
3.592657146557222791e+00 3.229637229050655867e-01
3.654158764195453823e+00 3.201560155473149871e-01
3.716713209536919305e+00 3.173284212377003866e-01
3.780338505622561573e+00 3.144822145029280147e-01
3.845052984024341924e+00 3.116187301914278840e-01
3.910875290126894388e+00 3.087393618755939206e-01
3.977824388499579644e+00 3.058455599289862104e-01
4.045919568360526242e+00 3.029388292750885836e-01
4.115180449134189011e+00 3.000207268068994515e-01
4.185626986104049152e+00 2.970928584795471949e-01
4.257279476162089793e+00 2.941568760811127392e-01
4.330158563656679505e+00 2.912144736900001418e-01
4.404285246340588600e+00 2.882673838303486669e-01
4.479680881420799565e+00 2.853173733402158962e-01
4.556367191711902187e+00 2.823662389704139630e-01
4.634366271894821310e+00 2.794158027349927798e-01
4.713700594882674899e+00 2.764679070373255443e-01
4.794393018295630249e+00 2.735244095985573387e-01
4.876466791046582649e+00 2.705871782177179385e-01
4.959945560039578538e+00 2.676580853951157080e-01
5.044853376982899817e+00 2.647390028525941075e-01
5.131214705318798863e+00 2.618317959858417754e-01
5.219054427271837326e+00 2.589383182851990317e-01
5.308397851017901736e+00 2.560604057621992391e-01
5.399270717975934275e+00 2.531998714194893529e-01
5.491699210224481931e+00 2.503584998016902263e-01
5.585709958045230294e+00 2.475380416642631587e-01
5.681330047595650079e+00 2.447402087964897222e-01
5.778587028712998119e+00 2.419666690332908376e-01
5.877508922851915507e+00 2.392190414888157035e-01
5.978124231157893043e+00 2.364988920425574459e-01
6.080461942678972775e+00 2.338077291062347074e-01
6.184551542717989570e+00 2.311469996968594509e-01
6.290423021327815611e+00 2.285180858383115132e-01
6.398106881952026370e+00 2.259223013104703914e-01
6.507634150213465141e+00 2.233608887614947913e-01
6.619036382853296985e+00 2.208350171952897789e-01
6.732345676823048741e+00 2.183457798426029495e-01
6.847594678532314738e+00 2.158941924206098095e-01
6.964816593254750998e+00 2.134811917822870275e-01
7.084045194695118397e+00 2.111076349534562469e-01
7.205314834720076611e+00 2.087742985520940342e-01
7.328660453255560370e+00 2.064818785813920810e-01
7.454117588353598833e+00 2.042309905852049967e-01
7.581722386431436256e+00 2.020221701518581658e-01
7.711511612685980843e+00 1.998558737499941673e-01
7.843522661686488817e+00 1.977324798780298876e-01
7.977793568148606518e+00 1.956522905070789131e-01
8.114363017892845420e+00 1.936155327957351235e-01
8.253270358990638655e+00 1.916223610539922462e-01
8.394555613101235991e+00 1.896728589327265624e-01
8.538259487002633819e+00 1.877670418146647480e-01
8.684423384319927663e+00 1.859048593824815243e-01
8.833089417454427661e+00 1.840861983397066581e-01
8.984300419716966246e+00 1.823108852603707586e-01
9.138099957668959661e+00 1.805786895438058759e-01
9.294532343674692498e+00 1.788893264517125992e-01
9.453642648668489912e+00 1.772424602054493981e-01
9.615476715140443886e+00 1.756377071225332098e-01
9.780081170344464780e+00 1.740746387724742550e-01
9.947503439732397368e+00 1.725527851333015505e-01
1.011779176061815022e+01 1.710716377314799030e-01
1.029099519607568070e+01 1.696306527492728311e-01
1.046716364907500108e+01 1.682292540850431617e-01
1.064634787686003037e+01 1.668668363533898635e-01
1.082859950557268647e+01 1.655427678134686886e-01
1.101397104512732561e+01 1.642563932152337203e-01
1.120251590433969646e+01 1.630070365547309774e-01
1.139428840631505224e+01 1.617940037308962242e-01
1.158934380409952247e+01 1.606165850975919962e-01
1.178773829659951922e+01 1.594740579058406271e-01
1.198952904477367731e+01 1.583656886323462354e-01
1.219477418810184766e+01 1.572907351914818175e-01
1.240353286133620792e+01 1.562484490289031414e-01
1.261586521153894580e+01 1.552380770958718958e-01
1.283183241541172137e+01 1.542588637042041633e-01
1.305149669692179693e+01 1.533100522625077677e-01
1.327492134522977629e+01 1.523908868950541173e-01
1.350217073292442649e+01 1.515006139452180489e-01
1.373331033456947026e+01 1.506384833659459299e-01
1.396840674556800188e+01 1.498037500001632993e-01
1.420752770134984644e+01 1.489956747544037008e-01
1.445074209688722711e+01 1.482135256692783676e-01
1.469812000654474637e+01 1.474565788906406216e-01
1.494973270426894274e+01 1.467241195455255831e-01
1.520565268412361704e+01 1.460154425270727974e-01
1.546595368117670333e+01 1.453298531927727510e-01
1.573071069274453038e+01 1.446666679804112787e-01
1.600000000000000000e+01 1.440252149461420661e-01
