1.000000000000000056e-01 5.185541267521839304e-01
1.017118699371902663e-01 5.184931590363520693e-01
1.034530448611991338e-01 5.184311262975132006e-01
1.052240264352859583e-01 5.183680095734357618e-01
1.070253249105327931e-01 5.183037895524018612e-01
1.088574592728564217e-01 5.182384465664012785e-01
1.107209573925375945e-01 5.181719605841568210e-01
1.126163561763097315e-01 5.181043112040139009e-01
1.145442017220510977e-01 5.180354776466694622e-01
1.165050494761254996e-01 5.179654387477646837e-01
1.184994643934159375e-01 5.178941729502949398e-01
1.205280211000983592e-01 5.178216582968730997e-01
1.225913040592012809e-01 5.177478724218272932e-01
1.246899077390003080e-01 5.176727925431132693e-01
1.268244367842945308e-01 5.175963954540778733e-01
1.289955061906157552e-01 5.175186575150171331e-01
1.312037414814193614e-01 5.174395546445814675e-01
1.334497788883086122e-01 5.173590623109578512e-01
1.357342655343445059e-01 5.172771555228993234e-01
1.380578596204929676e-01 5.171938088205392248e-01
1.404212306152645418e-01 5.171089962659941586e-01
1.428250594475999058e-01 5.170226914337878732e-01
1.452700387030574913e-01 5.169348674010569855e-01
1.477568728233598638e-01 5.168454967375217812e-01
1.502862783093554255e-01 5.167545514952678332e-01
1.528589839274553941e-01 5.166620031982868122e-01
1.554757309196040382e-01 5.165678228317813758e-01
1.581372732168436213e-01 5.164719808312503435e-01
1.608443776565352257e-01 5.163744470713185208e-01
1.635978242032982422e-01 5.162751908543252721e-01
1.663984061737319164e-01 5.161741808986619606e-01
1.692469304649838191e-01 5.160713853268463769e-01
1.721442177872312407e-01 5.159667716533304915e-01
1.750911029001421815e-01 5.158603067720464175e-01
1.780884348533846029e-01 5.157519569436608275e-01
1.811370772312524413e-01 5.156416877825575895e-01
1.842379084014793833e-01 5.155294642435164221e-01
1.873918217683125109e-01 5.154152506081043361e-01
1.905997260299174267e-01 5.152990104707588781e-01
1.938625454401906034e-01 5.151807067245529614e-01
1.971812200750530930e-01 5.150603015466457268e-01
2.005567061033029785e-01 5.149377563834052207e-01
2.039899760621044777e-01 5.148130319351958972e-01
2.074820191371932743e-01 5.146860881408158450e-01
2.110338414478782620e-01 5.145568841615983935e-01
2.146464663369223314e-01 5.144253783651386858e-01
2.183209346653853800e-01 5.142915283086583189e-01
2.220583051125149254e-01 5.141552907219970603e-01
2.258596544807703332e-01 5.140166214902152086e-01
2.297260780060684515e-01 5.138754756358028253e-01
2.336586896733406915e-01 5.137318073004893959e-01
2.376586225374913708e-01 5.135855697266267228e-01
2.417270290498511887e-01 5.134367152381795751e-01
2.458650813902187870e-01 5.132851952212521551e-01
2.500739718045864035e-01 5.131309601041906809e-01
2.543549129486468163e-01 5.129739593372364403e-01
2.587091382371812243e-01 5.128141413717076658e-01
2.631379021994275647e-01 5.126514536387226650e-01
2.676424808405327149e-01 5.124858425274246843e-01
2.722241720091920780e-01 5.123172533627297076e-01
2.768842957715826891e-01 5.121456303825647760e-01
2.816241947916973687e-01 5.119709167145849449e-01
2.864452347181906111e-01 5.117930543523868669e-01
2.913488045778454549e-01 5.116119841311581595e-01
2.963363171757769088e-01 5.114276457027929768e-01
3.014092095024858975e-01 5.112399775104630173e-01
3.065689431478818006e-01 5.110489167625855700e-01
3.118170047223923769e-01 5.108543994062405558e-01
3.171549062852822565e-01 5.106563600999753927e-01
3.225841857803039558e-01 5.104547321860163356e-01
3.281064074788070939e-01 5.102494476618544272e-01
3.337231624304318189e-01 5.100404371511987334e-01
3.394360689215190630e-01 5.098276298743187329e-01
3.452467729413670749e-01 5.096109536176876009e-01
3.511569486564699027e-01 5.093903347030054318e-01
3.571682988928747693e-01 5.091656979555212459e-01
3.632825556267957889e-01 5.089369666716813123e-01
3.695014804836274647e-01 5.087040625860724807e-01
3.758268652454997416e-01 5.084669058376610762e-01
3.822605323675220546e-01 5.082254149353140349e-01
3.888043355028652504e-01 5.079795067225870708e-01
3.954601600368312098e-01 5.077290963417601111e-01
4.022299236300663772e-01 5.074740971971568593e-01
4.091155767710728530e-01 5.072144209176656648e-01
4.161191033381794191e-01 5.069499773185162095e-01
4.232425211711315916e-01 5.066806743622656040e-01
4.304878826524663471e-01 5.064064181190207625e-01
4.378572752988409977e-01 5.061271127258339941e-01
4.453528223624823035e-01 5.058426603453389792e-01
4.529766834429341249e-01 5.055529611235537457e-01
4.607310551092752560e-01 5.052579131468921680e-01
4.686181715329905129e-01 5.049574123983613383e-01
4.766403051316746020e-01 5.046513527129370402e-01
4.847997672237557287e-01 5.043396257321396403e-01
4.930989086944277955e-01 5.040221208577867484e-01
5.015401206729810379e-01 5.036987252049323072e-01
5.101258352217296066e-01 5.033693235540160904e-01
5.188585260367313268e-01 5.030337983021873072e-01
5.277407091605026412e-01 5.026920294138518264e-01
5.367749437069362362e-01 5.023438943704392479e-01
5.459638325986252427e-01 5.019892681193848238e-01
5.553100233168131172e-01 5.016280230223734149e-01
5.648162086641779212e-01 5.012600288028380424e-01
5.744851275406778202e-01 5.008851524927461218e-01
5.843195657326760717e-01 5.005032583786992451e-01
5.943223567155744291e-01 5.001142079473757107e-01
6.044963824701893307e-01 4.997178598303368413e-01
6.148445743130991348e-01 4.993140697482468804e-01
6.253699137412107589e-01 4.989026904545559860e-01
6.360754332907793129e-01 4.984835716786689686e-01
6.469642174111369659e-01 4.980565600686720495e-01
6.580394033533766285e-01 4.976214991336712079e-01
6.693041820742493542e-01 4.971782291857993474e-01
6.807617991555359183e-01 4.967265872819886519e-01
6.924155557391551419e-01 4.962664071655482068e-01
7.042688094782828534e-01 4.957975192076676252e-01
7.163249755047493839e-01 4.953197503489311648e-01
7.285875274130008128e-01 4.948329240409398699e-01
7.410599982609020753e-01 4.943368601881683033e-01
7.537459815876732527e-01 4.938313750901673904e-01
7.666491324492525905e-01 4.933162813842690286e-01
7.797731684713813394e-01 4.927913879889137538e-01
7.931218709207189521e-01 4.922565000477866493e-01
8.066990857942919479e-01 4.917114188749280301e-01
8.205087249275933026e-01 4.911559419009908223e-01
8.345547671216521080e-01 4.905898626208793356e-01
8.488412592893960218e-01 4.900129705429722704e-01
8.633723176216387962e-01 4.894250511401602166e-01
8.781521287730265080e-01 4.888258858029703724e-01
8.931849510682883242e-01 4.882152517950585913e-01
9.084751157291341972e-01 4.875929222113333239e-01
9.240270281221558690e-01 4.869586659390863770e-01
9.398451690280920090e-01 4.863122476224102098e-01
9.559340959328189724e-01 4.856534276303205444e-01
9.722984443404447674e-01 4.849819620289552713e-01
9.889429291088775997e-01 4.842976025582717003e-01
1.005872345808261681e+00 4.836000966137027901e-01
1.023091572102663882e+00 4.828891872332384261e-01
1.040605569155416577e+00 4.821646130904656546e-01
1.058419383058516017e+00 4.814261084941012236e-01
1.076538146286490027e+00 4.806734033946015172e-01
1.094967079175153790e+00 4.799062233984742742e-01
1.113711491425683819e+00 4.791242897909531728e-01
1.132776783634433349e+00 4.783273195677188450e-01
1.152168448848942317e+00 4.775150254764329860e-01
1.171892074150579388e+00 4.766871160688503917e-01
1.191953342264278737e+00 4.758432957643403682e-01
1.212358033195835461e+00 4.749832649257080819e-01
1.233112025897226349e+00 4.741067199482203454e-01
1.254221299960438740e+00 4.732133533628245514e-01
1.275691937340299287e+00 4.723028539545741089e-01
1.297530124106788030e+00 4.713749068973459022e-01
1.319742152227359799e+00 4.704291939059554450e-01
1.342334421379767884e+00 4.694653934068725998e-01
1.365313440795925093e+00 4.684831807287496153e-01
1.388685831137329352e+00 4.674822283140566137e-01
1.412458326402590059e+00 4.664622059531455811e-01
1.436637775867616984e+00 4.654227810421423528e-01
1.461231146059013719e+00 4.643636188660868469e-01
1.486245522761259652e+00 4.632843829088125753e-01
1.511688113058246019e+00 4.621847351910793322e-01
1.537566247409769105e+00 4.610643366385357989e-01
1.563887381763561457e+00 4.599228474810991285e-01
1.590659099703483959e+00 4.587599276853937535e-01
1.617889114634490255e+00 4.575752374219005381e-01
1.645585272004991939e+00 4.563684375684957106e-01
1.673755551567276179e+00 4.551391902520487420e-01
1.702408069676609514e+00 4.538871594297733125e-01
1.731551081629704614e+00 4.526120115120015330e-01
1.761192984043217447e+00 4.513134160280076190e-01
1.791342317272957674e+00 4.499910463365096036e-01
1.822007767874521011e+00 4.486445803823810863e-01
1.853198171106036352e+00 4.472737015010659900e-01
1.884922513473760608e+00 4.458780992720582370e-01
1.917189935321250038e+00 4.444574704227463036e-01
1.950009733462852335e+00 4.430115197837350971e-01
1.983391363862286871e+00 4.415399612966225962e-01
2.017344444357073385e+00 4.400425190750124060e-01
2.051878757429601574e+00 4.385189285193250019e-01
2.087004253025632305e+00 4.369689374857038122e-01
2.122731051421060222e+00 4.353923075090520567e-01
2.159069446137740655e+00 4.337888150799031894e-01
2.196029906909233276e+00 4.321582529744413814e-01
2.233623082697320683e+00 4.305004316366606298e-01
2.271859804760159030e+00 4.288151806111391573e-01
2.310751089772957734e+00 4.271023500244727211e-01
2.350308143002077799e+00 4.253618121128932006e-01
2.390542361533465332e+00 4.235934627930039165e-01
2.431465337556356410e+00 4.217972232720179626e-01
2.473088861703185426e+00 4.199730416932025978e-01
2.515424926446683251e+00 4.181208948115676116e-01
2.558485729555114663e+00 4.162407896941606733e-01
2.602283677606672008e+00 4.143327654385312586e-01
2.646831389564031412e+00 4.123968949022286390e-01
2.692141700410093375e+00 4.104332864353529287e-01
2.738227664845977127e+00 4.084420856074321149e-01
2.785102561052302583e+00 4.064234769190536722e-01
2.832779894514874552e+00 4.043776854879105875e-01
2.881273401915845245e+00 4.023049786981272025e-01
2.930597055091502146e+00 4.002056678009642265e-01
2.980765065057796814e+00 3.980801094543008900e-01
3.031791886104791445e+00 3.959287071876133046e-01
3.083692219961194692e+00 3.937519127785646944e-01
3.136481020030185807e+00 3.915502275268327725e-01
3.190173495697761208e+00 3.893242034103324700e-01
3.244785116714823392e+00 3.870744441087546339e-01
3.300331617654288952e+00 3.848016058790848515e-01
3.356829002444499555e+00 3.825063982678262864e-01
3.414293548980231296e+00 3.801895846447042593e-01
3.472741813812650680e+00 3.778519825430131096e-01
3.532190636919545490e+00 3.754944637921918682e-01
3.592657146557222791e+00 3.731179544289806582e-01
3.654158764195453823e+00 3.707234343743673888e-01
3.716713209536919305e+00 3.683119368646699532e-01
3.780338505622561573e+00 3.658845476264381280e-01
3.845052984024341924e+00 3.634424037863990820e-01
3.910875290126894388e+00 3.609866925094297740e-01
3.977824388499579644e+00 3.585186493594969548e-01
4.045919568360526242e+00 3.560395563806588171e-01
4.115180449134189011e+00 3.535507398975122340e-01
4.185626986104049152e+00 3.510535680369560874e-01
4.257279476162089793e+00 3.485494479756837682e-01
4.330158563656679505e+00 3.460398229205143839e-01
4.404285246340588600e+00 3.435261688313604456e-01
4.479680881420799565e+00 3.410099908993814433e-01
4.556367191711902187e+00 3.384928197955687779e-01
4.634366271894821310e+00 3.359762077076490216e-01
4.713700594882674899e+00 3.334617241857241177e-01
4.794393018295630249e+00 3.309509518194610478e-01
4.876466791046582649e+00 3.284454817717936126e-01
4.959945560039578538e+00 3.259469091960900955e-01
5.044853376982899817e+00 3.234568285654078612e-01
5.131214705318798863e+00 3.209768289438207356e-01
5.219054427271837326e+00 3.185084892308860383e-01
5.308397851017901736e+00 3.160533734109828297e-01
5.399270717975934275e+00 3.136130258396089832e-01
5.491699210224481931e+00 3.111889665986467546e-01
5.585709958045230294e+00 3.087826869521870243e-01
5.681330047595650079e+00 3.063956449336873167e-01
5.778587028712998119e+00 3.040292610940588114e-01
5.877508922851915507e+00 3.016849144387458437e-01
5.978124231157893043e+00 2.993639385800153652e-01
6.080461942678972775e+00 2.970676181285185624e-01
6.184551542717989570e+00 2.947971853457951874e-01
6.290423021327815611e+00 2.925538170767366108e-01
6.398106881952026370e+00 2.903386319782487179e-01
6.507634150213465141e+00 2.881526880573996863e-01
6.619036382853296985e+00 2.859969805293128831e-01
6.732345676823048741e+00 2.838724400019976835e-01
6.847594678532314738e+00 2.817799309922610074e-01
6.964816593254750998e+00 2.797202507738074662e-01
7.084045194695118397e+00 2.776941285557160133e-01
7.205314834720076611e+00 2.757022249866927233e-01
7.328660453255560370e+00 2.737451319778365644e-01
7.454117588353598833e+00 2.718233728342370759e-01
7.581722386431436256e+00 2.699374026834375218e-01
7.711511612685980843e+00 2.680876091868663602e-01
7.843522661686488817e+00 2.662743135185157706e-01
7.977793568148606518e+00 2.644977715937049112e-01
8.114363017892845420e+00 2.627581755295094190e-01
8.253270358990638655e+00 2.610556553174906425e-01
8.394555613101235991e+00 2.593902806886268508e-01
8.538259487002633819e+00 2.577620631499291659e-01
8.684423384319927663e+00 2.561709581719782691e-01
8.833089417454427661e+00 2.546168675066549647e-01
8.984300419716966246e+00 2.530996416145461780e-01
9.138099957668959661e+00 2.516190821819219714e-01
9.294532343674692498e+00 2.501749447077811217e-01
9.453642648668489912e+00 2.487669411421643828e-01
9.615476715140443886e+00 2.473947425578342518e-01
9.780081170344464780e+00 2.460579818383764050e-01
9.947503439732397368e+00 2.447562563668247981e-01
1.011779176061815022e+01 2.434891307000721927e-01
1.029099519607568070e+01 2.422561392154654047e-01
1.046716364907500108e+01 2.410567887172239687e-01
1.064634787686003037e+01 2.398905609915053527e-01
1.082859950557268647e+01 2.387569153001901645e-01
1.101397104512732561e+01 2.376552908046299095e-01
1.120251590433969646e+01 2.365851089117993744e-01
1.139428840631505224e+01 2.355457755364154526e-01
1.158934380409952247e+01 2.345366832736766050e-01
1.178773829659951922e+01 2.335572134783243659e-01
1.198952904477367731e+01 2.326067382466898426e-01
1.219477418810184766e+01 2.316846222993131366e-01
1.240353286133620792e+01 2.307902247625672199e-01
1.261586521153894580e+01 2.299229008484934000e-01
1.283183241541172137e+01 2.290820034327780141e-01
1.305149669692179693e+01 2.282668845314238526e-01
1.327492134522977629e+01 2.274768966772610645e-01
1.350217073292442649e+01 2.267113941979368164e-01
1.373331033456947026e+01 2.259697343974727823e-01
1.396840674556800188e+01 2.252512786438694570e-01
1.420752770134984644e+01 2.245553933655369816e-01
1.445074209688722711e+01 2.238814509596406266e-01
1.469812000654474637e+01 2.232288306156260671e-01
1.494973270426894274e+01 2.225969190574022816e-01
1.520565268412361704e+01 2.219851112077501076e-01
1.546595368117670333e+01 2.213928107786547750e-01
1.573071069274453038e+01 2.208194307912681731e-01
1.600000000000000000e+01 2.202643940292781377e-01
