9.832887700534760356e-01 3.818691674658725166e-01
9.832895781413983904e-01 3.818685452796354296e-01
9.832920023323267200e-01 3.240155429268216092e-01
9.832960424077469286e-01 3.332498028437838045e-01
9.833016980034838816e-01 3.804874409578979932e-01
9.833089686097227222e-01 3.199660836027007349e-01
9.833178535710384027e-01 3.394068640790197655e-01
9.833283520864346539e-01 3.776106142016468215e-01
9.833404632093908360e-01 3.168441145516218693e-01
9.833541858479186715e-01 3.460716242241257956e-01
9.833695187646260827e-01 3.733577400515172839e-01
9.833864605767902445e-01 3.147143057482367778e-01
9.834050097564394077e-01 3.530433622252872050e-01
9.834251646304434935e-01 3.679047881727400826e-01
9.834469233806132360e-01 3.136472744438558169e-01
9.834702840438070970e-01 3.600557606836483626e-01
9.834952445120488385e-01 3.614833063878318264e-01
9.835218025326514235e-01 3.137257417878870358e-01
9.835499557083519084e-01 3.667661262279149348e-01
9.835797014974531072e-01 3.543778624288188017e-01
9.836110372139756919e-01 3.150467060770683614e-01
9.836439600278173989e-01 3.727531336382376992e-01
9.836784669649225599e-01 3.469202308533889667e-01
9.837145549074602924e-01 3.177175469461648860e-01
9.837522205940091302e-01 3.775295533009305204e-01
9.837914606197550871e-01 3.394795640490137489e-01
9.838322714366934951e-01 3.218424997693614675e-01
9.838746493538444993e-01 3.805769863734309588e-01
9.839185905374727703e-01 3.324490444991834992e-01
9.839640910113213179e-01 3.274944376384417710e-01
9.840111466568493004e-01 3.814077190890450830e-01
9.840597532134831571e-01 3.262311587830999948e-01
9.841099062788732921e-01 3.346662943674313939e-01
9.841616013091628590e-01 3.796529125151337225e-01
9.842148336192633185e-01 3.212251451082285825e-01
9.842695983831402096e-01 3.431986443442638368e-01
9.843258906341086911e-01 3.751659350208914057e-01
9.843837052651369657e-01 3.178202459091968857e-01
9.844430370291603616e-01 3.526878671388583020e-01
9.845038805394035197e-01 3.681167937232606713e-01
9.845662302697123502e-01 3.163956231949916487e-01
9.846300805548963142e-01 3.623959199854913105e-01
9.846954255910785880e-01 3.590442572445424196e-01
9.847622594360568860e-01 3.173205543442721988e-01
9.848305760096733863e-01 3.712075440772337753e-01
9.849003690941932065e-01 3.488351067103552805e-01
9.849716323346955349e-01 3.209360324910784379e-01
9.850443592394699799e-01 3.777036729859253317e-01
9.851185431804264647e-01 3.386213954519551317e-01
9.851941773935130042e-01 3.274834609669131646e-01
9.852712549791433627e-01 3.804162931158026617e-01
9.853497689026352591e-01 3.296227190906154680e-01
9.854297119946573424e-01 3.369378465557562041e-01
9.855110769516869373e-01 3.782684952962754865e-01
9.855938563364777805e-01 3.229922741811679376e-01
9.856780425785371946e-01 3.487255142463555613e-01
9.857636279746132546e-01 3.710779062658830507e-01
9.858506046891933883e-01 3.197246944648146072e-01
9.859389647550111935e-01 3.613941276008057479e-01
9.860287000735645790e-01 3.598764785904075003e-01
9.861198024156442310e-01 3.206299238752458036e-01
9.862122634218722927e-01 3.724638745308707088e-01
9.863060746032504822e-01 3.468060820679966794e-01
9.864012273417195331e-01 3.262776751038867218e-01
9.864977128907297388e-01 3.788227223085445239e-01
9.865955223758196002e-01 3.345707147650430202e-01
9.866946467952077970e-01 3.367246896897803654e-01
9.867950770203932631e-01 3.778845520973706518e-01
9.868968037967684737e-01 3.257398790204162342e-01
9.869998177442407261e-01 3.508795976235597469e-01
9.871041093578660774e-01 3.691240182796468594e-01
9.872096690084932735e-01 3.222990186477915353e-01
9.873164869434184476e-01 3.657273905539424330e-01
9.874245532870512543e-01 3.549150439607643981e-01
9.875338580415915501e-01 3.255352071129804514e-01
9.876443910877160670e-01 3.763193487830817641e-01
9.877561421852786294e-01 3.397823562443334500e-01
9.878691009740184770e-01 3.358126588636043408e-01
9.879832569742813542e-01 3.776682244018318979e-01
9.880985995877523687e-01 3.285135682046523842e-01
9.882151180981978422e-01 3.516004042528228513e-01
9.883328016722204845e-01 3.681875414339101926e-01
9.884516393600244477e-01 3.246427975839258906e-01
9.885716200961928157e-01 3.680259789500476275e-01
9.886927327004754185e-01 3.517527752334992930e-01
9.888149658785891916e-01 3.300179289374216007e-01
9.889383082230281952e-01 3.772431773290387813e-01
9.890627482138872884e-01 3.357755257892602874e-01
9.891882742196954625e-01 3.442638865910158108e-01
9.893148744982624976e-01 3.730960017359096215e-01
9.894425371975347216e-01 3.270803781213005301e-01
9.895712503564650930e-01 3.627820256807607335e-01
9.897010019058934960e-01 3.572368950579223879e-01
9.898317796694381387e-01 3.295536747267935329e-01
9.899635713644007184e-01 3.756205226910678263e-01
9.900963646026810228e-01 3.390468829808078732e-01
9.902301468917048544e-01 3.434903488661498749e-01
9.903649056353632796e-01 3.730906804839506652e-01
9.905006281349633124e-01 3.287184559189991750e-01
9.906373015901911439e-01 3.632340961128724399e-01
9.907749131000868070e-01 3.561549285538697651e-01
9.909134496640309431e-01 3.319446347785773299e-01
9.910528981827432249e-01 3.756080806747435497e-01
9.911932454592932151e-01 3.372967230717190401e-01
9.913344782001217714e-01 3.484290160301359851e-01
9.914765830160773286e-01 3.691966538911493623e-01
9.916195464234600632e-01 3.294279680388803033e-01
9.917633548450823788e-01 3.685779989220296926e-01
9.919079946113378288e-01 3.490436570391612925e-01
9.920534519612843605e-01 3.381473042898404668e-01
9.921997130437376633e-01 3.745860615088431045e-01
9.923467639183790601e-01 3.326963783840292677e-01
9.924945905568726134e-01 3.590571501674594268e-01
9.926431788439959991e-01 3.591379971121342884e-01
9.927925145787830363e-01 3.331372785645831391e-01
9.929425834756783198e-01 3.741538808964466334e-01
9.930933711657030649e-01 3.380891420744965292e-01
9.932448631976341646e-01 3.512721136442001346e-01
9.933970450391936824e-01 3.656075808363570268e-01
9.935499020782521118e-01 3.316665441782120638e-01
9.937034196240426276e-01 3.713631046942726388e-01
9.938575829083867719e-01 3.429582867779978894e-01
9.940123770869325748e-01 3.463792689688952597e-01
9.941677872404053318e-01 3.687417804326535986e-01
9.943237983758679288e-01 3.318011393842128509e-01
9.944803954279970437e-01 3.687576897019586020e-01
9.946375632603655648e-01 3.459229098802813485e-01
9.947952866667423288e-01 3.441298036890192424e-01
9.949535503723997421e-01 3.695861722089233692e-01
9.951123390354343901e-01 3.322238783327415845e-01
9.952716372481004159e-01 3.675409308437890821e-01
9.954314295381520017e-01 3.465186999031915072e-01
9.955917003701996171e-01 3.440845502471468476e-01
9.957524341470764817e-01 3.688473940844662624e-01
9.959136152112171292e-01 3.324145726495694730e-01
9.960752278460472953e-01 3.679568065353160944e-01
9.962372562773841311e-01 3.447603593214363937e-01
9.963996846748496283e-01 3.461201452333498296e-01
9.965624971532934806e-01 3.664900613186813372e-01
9.967256777742272700e-01 3.326422702382419994e-01
9.968892105472708653e-01 3.695159710247845619e-01
9.970530794316085910e-01 3.410079957619640001e-01
9.972172683374572744e-01 3.504296889436280815e-01
9.973817611275435091e-01 3.618398216401029210e-01
9.975465416185941292e-01 3.339321397984411632e-01
9.977115935828345661e-01 3.708347968425030894e-01
9.978769007494999732e-01 3.362252809257220143e-01
9.980424468063552323e-01 3.570386464789591097e-01
9.982082154012269504e-01 3.541958569383036881e-01
9.983741901435441157e-01 3.379133896909567447e-01
9.985403546058886359e-01 3.694155664721316956e-01
9.987066923255591977e-01 3.324074957058649193e-01
9.988731868061402341e-01 3.646838760826261461e-01
9.990398215190846587e-01 3.440526790366361665e-01
9.992065799053040376e-01 3.461333349027676531e-01
9.993734453767694204e-01 3.623713354754770077e-01
9.995404013181212743e-01 3.326752160896512267e-01
9.997074310882885229e-01 3.693799944685320358e-01
9.998745180221169093e-01 3.344083392919501851e-01
1.000041645432006687e+00 3.580558195243322417e-01
1.000208796609559192e+00 3.491839640546137158e-01
1.000375954827231517e+00 3.402764444983561454e-01
1.000543103340000073e+00 3.650212666794806493e-01
1.000710225387033914e+00 3.307437921940512560e-01
1.000877304193374062e+00 3.676971220278771879e-01
1.001044322971623046e+00 3.349785751885877572e-01
1.001211264923641098e+00 3.550958066540612634e-01
1.001378113242250345e+00 3.495896314413335371e-01
1.001544851112948553e+00 3.385282626457594701e-01
1.001711461715626639e+00 3.641537125826337928e-01
1.001877928226297509e+00 3.295467947699059486e-01
1.002044233818828900e+00 3.672176655659911138e-01
1.002210361666685312e+00 3.324505643121677956e-01
1.002376294944675506e+00 3.566009526145075270e-01
1.002542016830706650e+00 3.450026756740505185e-01
1.002707510507546251e+00 3.407378578051868945e-01
1.002872759164587846e+00 3.596980854856818288e-01
1.003037745999624697e+00 3.295412285426898569e-01
1.003202454220628370e+00 3.669012625423545004e-01
1.003366867047533972e+00 3.279389471023134717e-01
1.003530967714028721e+00 3.618085104658682605e-01
1.003694739469347619e+00 3.358628375346688899e-01
1.003858165580072903e+00 3.482025706620294758e-01
1.004021229331939491e+00 3.493843407310007754e-01
1.004183914031643088e+00 3.341735052200267009e-01
1.004346203008654514e+00 3.616252496897081059e-01
1.004508079617036698e+00 3.259510556208903842e-01
1.004669527237266102e+00 3.658740784098101217e-01
1.004830529278057050e+00 3.259101352718392630e-01
1.004991069178191365e+00 3.599654999645989784e-01
1.005151130408348248e+00 3.334192894764639870e-01
1.005310696472939025e+00 3.473990644202324951e-01
1.005469750911944793e+00 3.455378070611624386e-01
1.005628277302753837e+00 3.341211877793489604e-01
1.005786259262004601e+00 3.574893342900186677e-01
1.005943680447427768e+00 3.248200128788001351e-01
1.006100524559691456e+00 3.642558479318279696e-01
1.006256775344247512e+00 3.216570760874813972e-01
1.006412416593177817e+00 3.630633987490544112e-01
1.006567432147043251e+00 3.247915735283340433e-01
1.006721805896731770e+00 3.547386003949853372e-01
1.006875521785306704e+00 3.330223590046647586e-01
1.007028563809856170e+00 3.427412345476692490e-01
1.007180916023341144e+00 3.440200985875451201e-01
1.007332562536443321e+00 3.309807959106912945e-01
1.007483487519412524e+00 3.546346283539303368e-01
1.007633675203911894e+00 3.222365595010500128e-01
1.007783109884862638e+00 3.617309532316890786e-01
1.007931775922287443e+00 3.178155235538907553e-01
1.008079657743149671e+00 3.633111980063210567e-01
1.008226739843193887e+00 3.179258226419926503e-01
1.008373006788779724e+00 3.592008863221089476e-01
1.008518443218715532e+00 3.220951834706943240e-01
1.008663033846089130e+00 3.508529000276082166e-01
1.008806763460092792e+00 3.293740792517312888e-01
1.008949616927846016e+00 3.405036822599424307e-01
1.009091579196214949e+00 3.384134734969619918e-01
1.009232635293624281e+00 3.302824142124815010e-01
1.009372770331869340e+00 3.475982041224295327e-01
1.009511969507918216e+00 3.216990425979956436e-01
1.009650218105711650e+00 3.553180084774918979e-01
1.009787501497956708e+00 3.155575141449477039e-01
1.009923805147912912e+00 3.603079486028591405e-01
1.010059114611175479e+00 3.121119099949978826e-01
1.010193415537447903e+00 3.619098261968961006e-01
1.010326693672311205e+00 3.112718979007031983e-01
1.010458934858983415e+00 3.601421051000956997e-01
1.010590125040074172e+00 3.127552730827213301e-01
1.010720250259327768e+00 3.555717630925152029e-01
1.010849296663362207e+00 3.161709873396201242e-01
1.010977250503397151e+00 3.490720913088656840e-01
1.011104098136973883e+00 3.210579544318308276e-01
1.011229826029665713e+00 3.415747424737564097e-01
1.011354420756780392e+00 3.269104699215339416e-01
1.011477869005050767e+00 3.338906854700179894e-01
1.011600157574316983e+00 3.332089718691597646e-01
1.011721273379198482e+00 3.266225203488318796e-01
1.011841203450753124e+00 3.394596563957538171e-01
1.011959934938128081e+00 3.201521527603261585e-01
1.012077455110198088e+00 3.452360304028461169e-01
1.012193751357192140e+00 3.146730752774258844e-01
1.012308811192308200e+00 3.502122482364055100e-01
1.012422622253315696e+00 3.102393000579445337e-01
1.012535172304146025e+00 3.541807135560020581e-01
1.012646449236469959e+00 3.068129676532170280e-01
1.012756441071261282e+00 3.570517962233037412e-01
1.012865135960347329e+00 3.043024379577319305e-01
1.012972522187946200e+00 3.588385465656551143e-01
1.013078588172189320e+00 3.025892387363616209e-01
1.013183322466629344e+00 3.596321870006844446e-01
1.013286713761734958e+00 3.015454988374079992e-01
1.013388750886368372e+00 3.595746233011581916e-01
1.013489422809248808e+00 3.010444629385226611e-01
1.013588718640400899e+00 3.588329475783008649e-01
1.013686627632586656e+00 3.009664738031091469e-01
1.013783139182719673e+00 3.575789122906258277e-01
1.013878242833266441e+00 3.012021838992694489e-01
1.013971928273627032e+00 3.559744543246531889e-01
1.014064185341501334e+00 3.016541302418405124e-01
1.014155004024237750e+00 3.541629720919459157e-01
1.014244374460162357e+00 3.022373329005410558e-01
1.014332286939892080e+00 3.522652984895847106e-01
1.014418731907629434e+00 3.028792790302391458e-01
1.014503699962438832e+00 3.503790588262185035e-01
1.014587181859502030e+00 3.035194929731958036e-01
1.014669168511358688e+00 3.485801760676081607e-01
1.014749650989124508e+00 3.041088188357385369e-01
1.014828620523690494e+00 3.469255201511560194e-01
1.014906068506902903e+00 3.046085128838388889e-01
1.014981986492724086e+00 3.454559758091036437e-01
1.015056366198370474e+00 3.049892311406989798e-01
1.015129199505433011e+00 3.441994570394169006e-01
1.015200478460974942e+00 3.052299877840473075e-01
1.015270195278608956e+00 3.431735975478730771e-01
1.015338342339553890e+00 3.053171465331943613e-01
1.015404912193669240e+00 3.423879906841869603e-01
1.015469897560468127e+00 3.052434898673042629e-01
1.015533291330108279e+00 3.418459472233432161e-01
1.015595086564361704e+00 3.050073917146108315e-01
1.015655276497561044e+00 3.415457965454607447e-01
1.015713854537523497e+00 3.046121007319861906e-01
1.015770814266452993e+00 3.414817878876607593e-01
1.015826149441818371e+00 3.040651256659938073e-01
1.015879853997208704e+00 3.416446628549347220e-01
1.015931922043165736e+00 3.033777028892643002e-01
1.015982347867992353e+00 3.420219751797549113e-01
1.016031125938537505e+00 3.025643196830768433e-01
1.016078250900957158e+00 3.425982333463307161e-01
1.016123717581451924e+00 3.016422651068261240e-01
1.016167520986979156e+00 3.433549388307101102e-01
1.016209656305942399e+00 3.006311828065234004e-01
1.016250118908854194e+00 3.442705885439694691e-01
1.016288904348976896e+00 2.995526059875533442e-01
1.016326008362936184e+00 3.453207048643986421e-01
1.016361426871310814e+00 2.984294628201270561e-01
1.016395155979197940e+00 3.464779500228944986e-01
1.016427191976751798e+00 2.972855494732700166e-01
1.016457531339697740e+00 3.477123728513677459e-01
1.016486170729821170e+00 2.961449765831418168e-01
1.016513106995430737e+00 3.489918243475239601e-01
1.016538337171795536e+00 2.950316020015149032e-01
1.016561858481556557e+00 3.502825636847871071e-01
1.016583668335112822e+00 2.939684674571777512e-01
1.016603764330981541e+00 3.515500583359450482e-01
1.016622144256131399e+00 2.929772587147053131e-01
1.016638806086290980e+00 3.527599616064168719e-01
1.016653747986229872e+00 2.920778080858971726e-01
1.016666968310014019e+00 3.538792296506323432e-01
1.016678465601236203e+00 2.912876550412745735e-01
1.016688238593216553e+00 3.548773201160693169e-01
1.016696286209180622e+00 2.906216761646189806e-01
1.016702607562409488e+00 3.557273984805121581e-01
1.016707201956362105e+00 2.900917905473778813e-01
1.016710068884773221e+00 3.564074684377188662e-01
1.016711208031724212e+00 2.897067421005751209e-01
1.016710619271685712e+00 3.569013413211113428e-01
1.016708302669536712e+00 2.894719567455176779e-01
1.016704258480554790e+00 3.571993675314858452e-01
1.016698487150380359e+00 2.893894706025062491e-01
1.016690989314954496e+00 3.572988699092408127e-01
1.016681765800431680e+00 2.894579250037140894e-01
1.016670817623062328e+00 3.572042432352737218e-01
1.016658145989053130e+00 2.896726252455059658e-01
1.016643752294398739e+00 3.569267126207671947e-01
1.016627638124686595e+00 2.900256616408586341e-01
1.016609805254876653e+00 3.564837727925328492e-01
1.016590255649054031e+00 2.905060930672231367e-01
1.016568991460157001e+00 3.558983564325368110e-01
1.016546015029675232e+00 2.911001940734720406e-01
1.016521328887326714e+00 3.551977995671104504e-01
1.016494935750703599e+00 2.917917662422971903e-01
1.016466838524897165e+00 3.544126833663684417e-01
1.016437040302091921e+00 2.925625128241001183e-01
1.016405544361138613e+00 3.535756337999134691e-01
1.016372354167097480e+00 2.933924728754543354e-01
1.016337473370758859e+00 3.527201539355124815e-01
1.016300905808136701e+00 2.942605077208428899e-01
1.016262655499937440e+00 3.518795498927430043e-01
1.016222726651003327e+00 2.951448293970489467e-01
1.016181123649731122e+00 3.510859928747066538e-01
1.016137851067464570e+00 2.960235584443488555e-01
1.016092913657864027e+00 3.503697387908186744e-01
1.016046316356249202e+00 2.968752977499376500e-01
1.015998064278919699e+00 3.497585060244386979e-01
1.015948162722448034e+00 2.976797104722408993e-01
1.015896617162952431e+00 3.492769926445159490e-01
1.015843433255341210e+00 2.984180933503456368e-01
1.015788616832537183e+00 3.489464979278466550e-01
1.015732173904675406e+00 2.990739416250789984e-01
1.015674110658279394e+00 3.487845999621950188e-01
1.015614433455411802e+00 2.996335076200647429e-01
1.015553148832804897e+00 3.488048314448873310e-01
1.015490263500965273e+00 3.000863607941053890e-01
1.015425784343256366e+00 3.490162895030057277e-01
1.015359718414960311e+00 3.004259617596428122e-01
1.015292072942314938e+00 3.494231125638578295e-01
1.015222855321529671e+00 3.006502652675160370e-01
1.015152073117780107e+00 3.500237586288895142e-01
1.015079734064179284e+00 3.007623667522754118e-01
1.015005846060728523e+00 3.508100262800561420e-01
1.014930417173247168e+00 3.007712031050434609e-01
1.014853455632281021e+00 3.517657751777749087e-01
1.014774969831989004e+00 3.006923108963723279e-01
1.014694968329010960e+00 3.528653309647566405e-01
1.014613459841313681e+00 3.005486346666804143e-01
1.014530453247016961e+00 3.540716062686617982e-01
1.014445957583202107e+00 3.003713650380713251e-01
1.014359982044696684e+00 3.553340418790430499e-01
1.014272535982843948e+00 3.002007723026292041e-01
1.014183628904250956e+00 3.565865769865826373e-01
1.014093270469518471e+00 3.000869864401432552e-01
1.014001470491952439e+00 3.577459984069939480e-01
1.013908238936257478e+00 3.000906582304476711e-01
1.013813585917211268e+00 3.587111918950383616e-01
1.013717521698322965e+00 3.002834140391156259e-01
1.013620056690472948e+00 3.593640048181555025e-01
1.013521201450534814e+00 3.007479789854672347e-01
1.013420966679983382e+00 3.595725856930893083e-01
1.013319363223482261e+00 3.015777717963203930e-01
1.013216402067458333e+00 3.591981185925452458e-01
1.013112094338658897e+00 3.028756433571985207e-01
1.013006451302692401e+00 3.581057153019174821e-01
1.012899484362555613e+00 3.047512082921616794e-01
1.012791205057144150e+00 3.561797497034502324e-01
1.012681625059749235e+00 3.073158810181854661e-01
1.012570756176538911e+00 3.533430359720824421e-01
1.012458610345026377e+00 3.106742865545846777e-01
1.012345199632523007e+00 3.495779944282063623e-01
1.012230536234578926e+00 3.149102702318474778e-01
1.012114632473410047e+00 3.449465451702699581e-01
1.011997500796312233e+00 3.200655383834077328e-01
1.011879153774061679e+00 3.396043968308560257e-01
1.011759604099304433e+00 3.261095208656987765e-01
1.011638864584934128e+00 3.338053105365997308e-01
1.011516948162455964e+00 3.329011028791697968e-01
1.011393867880340913e+00 3.278923917231064133e-01
1.011269636902369484e+00 3.401472295887714159e-01
1.011144268505962174e+00 3.222765642002923814e-01
1.011017776080502584e+00 3.473702925393863383e-01
1.010890173125647218e+00 3.174062638958082272e-01
1.010761473249629061e+00 3.539042436783240708e-01
1.010631690167547614e+00 3.137352022182232081e-01
1.010500837699653598e+00 3.589442297588776309e-01
1.010368929769621893e+00 3.116944445148597809e-01
1.010235980402817813e+00 3.616689773168890731e-01
1.010102003724554054e+00 3.116692963288069107e-01
1.009967013958339876e+00 3.614324438393564654e-01
1.009831025424122952e+00 3.139709047200855974e-01
1.009694052536524334e+00 3.579827211141767829e-01
1.009556109803065871e+00 3.187809325676068117e-01
1.009417211822390081e+00 3.516288939855614082e-01
1.009277373282476242e+00 3.260440280217241082e-01
1.009136608958847381e+00 3.432706257626617630e-01
1.008994933712773934e+00 3.353011409118968889e-01
1.008852362489470966e+00 3.342527628125100958e-01
1.008708910316290286e+00 3.455102383174231129e-01
1.008564592300907670e+00 3.260934421604301248e-01
1.008419423629506317e+00 3.549822619218704345e-01
1.008273419564954976e+00 3.202019627258435586e-01
1.008126595444983398e+00 3.616121467244183263e-01
1.007978966680353139e+00 3.176912864862483366e-01
1.007830548753026356e+00 3.635032615995424932e-01
1.007681357214329720e+00 3.192910766541167122e-01
1.007531407683117664e+00 3.598152038706585731e-01
1.007380715843932295e+00 3.252452485330740162e-01
1.007229297445160654e+00 3.513636276223705557e-01
1.007077168297191294e+00 3.350436324532980459e-01
1.006924344270568872e+00 3.405072916401890581e-01
1.006770841294146512e+00 3.469987166031152093e-01
1.006616675353240176e+00 3.303228244888355425e-01
1.006461862487778136e+00 3.580413039526555985e-01
1.006306418790453794e+00 3.236077783040280931e-01
1.006150360404876487e+00 3.643801738498014253e-01
1.005993703523722305e+00 3.222742086524885696e-01
1.005836464386887119e+00 3.632604510201127845e-01
1.005678659279638287e+00 3.271397178476878054e-01
1.005520304530768572e+00 3.548518106495493485e-01
1.005361416510750283e+00 3.376123939344207181e-01
1.005202011629892533e+00 3.425780604640578098e-01
1.005042106336499153e+00 3.510051801146824579e-01
1.004881717115028161e+00 3.313995233774353344e-01
1.004720860484254352e+00 3.623054604739017193e-01
1.004559552995434979e+00 3.255635183071112215e-01
1.004397811230476778e+00 3.659762413941119452e-01
1.004235651800106544e+00 3.274242253994578689e-01
1.004073091342046142e+00 3.597086213704320801e-01
1.003910146519188640e+00 3.370492146151582991e-01
1.003746834017780643e+00 3.467771643501044720e-01
1.003583170545607528e+00 3.514029738848583606e-01
1.003419172830182005e+00 3.340560188853262669e-01
1.003254857616939333e+00 3.637981189540023252e-01
1.003090241667434546e+00 3.277991186531858947e-01
1.002925341757546995e+00 3.666562965128199458e-01
1.002760174675688232e+00 3.311784776837422561e-01
1.002594757221015875e+00 3.576924490311361726e-01
1.002429106201653930e+00 3.435215807797387666e-01
1.002263238432915982e+00 3.428389378753812777e-01
1.002097170735538612e+00 3.591107544104421567e-01
1.001930919933916364e+00 3.315413345705591208e-01
1.001764502854346928e+00 3.678955653327017350e-01
1.001597936323279869e+00 3.304181136160461163e-01
1.001431237165574695e+00 3.627544031494364662e-01
1.001264422202762905e+00 3.408178061255149882e-01
1.001097508251320267e+00 3.475395474341815838e-01
1.000930512120943527e+00 3.575037711617951586e-01
1.000763450612836891e+00 3.339307581991842189e-01
1.000596340518003835e+00 3.685054057810350225e-01
1.000429198615549353e+00 3.314148670430556165e-01
1.000262041670987534e+00 3.637783538417693197e-01
1.000094886434558683e+00 3.423446852934942664e-01
9.999277496395548859e-01 3.473380345163054050e-01
9.997606480006528962e-01 3.601377145368336863e-01
9.995935982122566843e-01 3.336382394922334793e-01
9.994266169468483119e-01 3.697459379576510941e-01
9.992597208533470221e-01 3.335850343271497542e-01
9.990929265554786554e-01 3.609304668087737755e-01
9.989262506501529471e-01 3.481625733649856835e-01
9.987597097058508178e-01 3.425379099401682503e-01
9.985933202610211001e-01 3.661580586575959861e-01
9.984270988224858145e-01 3.322568575184278172e-01
9.982610618638571021e-01 3.689358571806614639e-01
9.980952258239610408e-01 3.392983770040522984e-01
9.979296071052746742e-01 3.526078737916823469e-01
9.977642220723702549e-01 3.588452236110535321e-01
9.975990870503707031e-01 3.353913237581225837e-01
9.974342183234164994e-01 3.712049745189537342e-01
9.972696321331397940e-01 3.346444883956192773e-01
9.971053446771523943e-01 3.605513876353989011e-01
9.969413721075423007e-01 3.521111078186744403e-01
9.967777305293802348e-01 3.398504987381238962e-01
9.966144359992398227e-01 3.703758912164704653e-01
9.964515045237249957e-01 3.328651617020313980e-01
9.962889520580106018e-01 3.655633126649204256e-01
9.961267945043926764e-01 3.475404410618730955e-01
9.959650477108514810e-01 3.435189832794977027e-01
9.958037274696233121e-01 3.689949298746095230e-01
9.956428495157850778e-01 3.323592691394986476e-01
9.954824295258499767e-01 3.681716097030082735e-01
9.953224831163732800e-01 3.452738956807683279e-01
9.951630258425718800e-01 3.453148893520720519e-01
9.950040731969521657e-01 3.685622528569855172e-01
9.948456406079517755e-01 3.320670831612712037e-01
9.946877434385921202e-01 3.690063471331211375e-01
9.945303969851421177e-01 3.451686035517433915e-01
9.943736164757939200e-01 3.448105461014935313e-01
9.942174170693506285e-01 3.696449823814880742e-01
9.940618138539242254e-01 3.316750481226421465e-01
9.939068218456483805e-01 3.681287197555743740e-01
9.937524559873984753e-01 3.473365533519280346e-01
9.935987311475281691e-01 3.419760343553299720e-01
9.934456621186144032e-01 3.720264845982834689e-01
9.932932636162155049e-01 3.316629679997108449e-01
9.931415502776422821e-01 3.648931034414608088e-01
9.929905366607385542e-01 3.521728174375530207e-01
9.928402372426754496e-01 3.372879729663159076e-01
9.926906664187578055e-01 3.745079299954817698e-01
9.925418385012411138e-01 3.333074917118772906e-01
9.923937677181616790e-01 3.583379276343329756e-01
9.922464682121783230e-01 3.598617638139539610e-01
9.920999540394263017e-01 3.321335623308663831e-01
9.919542391683825455e-01 3.745719823434733309e-01
9.918093374787438909e-01 3.384931064390689914e-01
9.916652627603166348e-01 3.482578684200006713e-01
9.915220287119187459e-01 3.691797780224583270e-01
9.913796489402927348e-01 3.291370306359743259e-01
9.912381369590324010e-01 3.688449655590376186e-01
9.910975061875202385e-01 3.488873616563020752e-01
9.909577699498770542e-01 3.366575110040886942e-01
9.908189414739241307e-01 3.758807072876726996e-01
9.906810338901566038e-01 3.319079253571433630e-01
9.905440602307296061e-01 3.556237212810506310e-01
9.904080334284549592e-01 3.636690770749975710e-01
9.902729663158119644e-01 3.283034387173472401e-01
9.901388716239679644e-01 3.730051835091660051e-01
9.900057619818116716e-01 3.436319162297467589e-01
9.898736499149990431e-01 3.385393339446957639e-01
9.897425478450095904e-01 3.758733472292052347e-01
9.896124680882153468e-01 3.293437765342976387e-01
9.894834228549619359e-01 3.569339688490051343e-01
9.893554242486598538e-01 3.629827375083385932e-01
9.892284842648900733e-01 3.266923127862661480e-01
9.891026147905185306e-01 3.731163767155692979e-01
9.889778276028240445e-01 3.441858697951004076e-01
9.888541343686375606e-01 3.354279979789777655e-01
9.887315466434921651e-01 3.774086086488105951e-01
9.886100758707865310e-01 3.297113432225157736e-01
9.884897333809569142e-01 3.516214068499686762e-01
9.883705303906643591e-01 3.680475000124137086e-01
9.882524780019891208e-01 3.242763090842556428e-01
9.881355872016412967e-01 3.682991011976742834e-01
9.880198688601781187e-01 3.513514550709000428e-01
9.879053337312357908e-01 3.282560306392534044e-01
9.877919924507713167e-01 3.778495793771400324e-01
9.876798555363158760e-01 3.353735390398355776e-01
9.875689333862395225e-01 3.397570037629432660e-01
9.874592362790263200e-01 3.763188317893113033e-01
9.873507743725614683e-01 3.250703317417856786e-01
9.872435577034293086e-01 3.551470984336660419e-01
9.871375961862214332e-01 3.654070087697731672e-01
9.870328996128580057e-01 3.219606773425310875e-01
9.869294776519168533e-01 3.694948119320058399e-01
9.868273398479764369e-01 3.502855506104408101e-01
9.867264956209673699e-01 3.256412337892567455e-01
9.866269542655363711e-01 3.781652704973517132e-01
9.865287249504200995e-01 3.360147712142578791e-01
9.864318167178298680e-01 3.347746767019175174e-01
9.863362384828466833e-01 3.787927916341443657e-01
9.862419990328280539e-01 3.256210346988847038e-01
9.861491070268235681e-01 3.472995867744272380e-01
9.860575709950023526e-01 3.720246902366269315e-01
9.859673993380909662e-01 3.201574436826475356e-01
9.858786003268196207e-01 3.605488507135716780e-01
9.857911821013832787e-01 3.605971711702204985e-01
9.857051526709068590e-01 3.195249912002119386e-01
9.856205199129265404e-01 3.717361662406493683e-01
9.855372915728778382e-01 3.477196339849739082e-01
9.854554752635946713e-01 3.231191063674412334e-01
9.853750784648187544e-01 3.786959224527545187e-01
9.852961085227189830e-01 3.358947498737510085e-01
9.852185726494210316e-01 3.300935584639917986e-01
9.851424779225457229e-01 3.804451907847851699e-01
9.850678312847598317e-01 3.265479408159957520e-01
9.849946395433339941e-01 3.394075608037580016e-01
9.849229093697123849e-01 3.772637298244946868e-01
9.848526472990907221e-01 3.202102874458476744e-01
9.847838597300058172e-01 3.498543700135757772e-01
9.847165529239327864e-01 3.703314124713045219e-01
9.846507330048938078e-01 3.168695169856933225e-01
9.845864059590748729e-01 3.601659253617741085e-01
9.845235776344531953e-01 3.611906673135573120e-01
9.844622537404339457e-01 3.162578313550400422e-01
9.844024398474956472e-01 3.691816099074570201e-01
9.843441413868470047e-01 3.512940420571479261e-01
9.842873636500898415e-01 3.180154576255195820e-01
9.842321117888954696e-01 3.760150028503855268e-01
9.841783908146870541e-01 3.417554064130428615e-01
9.841262055983329704e-01 3.217566046457399076e-01
9.840755608698488199e-01 3.801559686759783951e-01
9.840264612181082171e-01 3.332906828342224181e-01
9.839789110905649006e-01 3.270841688488799193e-01
9.839329147929807284e-01 3.814825475339055361e-01
9.838884764891661083e-01 3.262741379596814650e-01
9.838456002007263113e-01 3.335886017595063868e-01
9.838042898068192210e-01 3.801964071491560349e-01
9.837645490439216323e-01 3.208374895226586143e-01
9.837263815056037641e-01 3.408493736340803548e-01
9.836897906423127669e-01 3.767171342745211926e-01
9.836547797611665533e-01 3.169657689846140936e-01
9.836213520257550691e-01 3.484443536787718010e-01
9.835895104559500002e-01 3.715715692007471871e-01
9.835592579277262493e-01 3.145703552701321626e-01
9.835305971729884078e-01 3.559651634184007318e-01
9.835035307794088855e-01 3.653027746667505959e-01
9.834780611902730341e-01 3.135363752880472865e-01
9.834541907043350406e-01 3.630340831594962570e-01
9.834319214756799266e-01 3.584088724106225254e-01
9.834112555135963163e-01 3.137491343059743976e-01
9.833921946824575322e-01 3.693185730135411515e-01
9.833747407016106834e-01 3.513110360016838407e-01
9.833588951452747473e-01 3.151058981921336377e-01
9.833446594424486431e-01 3.745412341122217326e-01
9.833320348768245234e-01 3.443441871345102046e-01
9.833210225867140553e-01 3.175183630240722144e-01
9.833116235649801418e-01 3.784849024170534038e-01
9.833038386589785240e-01 3.377624766752628793e-01
9.832976685705077102e-01 3.209094322713410552e-01
9.832931138557676753e-01 3.809939082894892581e-01
9.832901749253271095e-01 3.317526500671293954e-01
9.832888520440992153e-01 3.252063619754351764e-01
