1.000000000000000056e-01 5.462722959875563333e-01
1.017118699371902663e-01 5.459932765504678098e-01
1.034530448611991338e-01 5.459704672048232288e-01
1.052240264352859583e-01 5.459907355778899074e-01
1.070253249105327931e-01 5.459199478980667486e-01
1.088574592728564217e-01 5.459158959277887746e-01
1.107209573925375945e-01 5.459364656878524791e-01
1.126163561763097315e-01 5.457453120289810222e-01
1.145442017220510977e-01 5.456263678543119555e-01
1.165050494761254996e-01 5.456194144427263248e-01
1.184994643934159375e-01 5.456365999097386732e-01
1.205280211000983592e-01 5.456060466055119296e-01
1.225913040592012809e-01 5.455411065586766028e-01
1.246899077390003080e-01 5.452572317436011895e-01
1.268244367842945308e-01 5.454927923122195876e-01
1.289955061906157552e-01 5.453954224597088452e-01
1.312037414814193614e-01 5.453734799663563226e-01
1.334497788883086122e-01 5.451261500041072461e-01
1.357342655343445059e-01 5.450981630504607711e-01
1.380578596204929676e-01 5.449197210398167845e-01
1.404212306152645418e-01 5.451114243237226153e-01
1.428250594475999058e-01 5.450162156963798132e-01
1.452700387030574913e-01 5.446306239672176197e-01
1.477568728233598638e-01 5.446966584665142719e-01
1.502862783093554255e-01 5.447758772757240742e-01
1.528589839274553941e-01 5.447183598966597318e-01
1.554757309196040382e-01 5.446071785285132583e-01
1.581372732168436213e-01 5.445910079583629049e-01
1.608443776565352257e-01 5.445068755615740663e-01
1.635978242032982422e-01 5.441096908708231705e-01
1.663984061737319164e-01 5.443809321286355862e-01
1.692469304649838191e-01 5.442481635104956528e-01
1.721442177872312407e-01 5.440665453272671703e-01
1.750911029001421815e-01 5.440108281034818916e-01
1.780884348533846029e-01 5.439600993517766936e-01
1.811370772312524413e-01 5.438567381973063997e-01
1.842379084014793833e-01 5.437057893131040931e-01
1.873918217683125109e-01 5.434650021181892665e-01
1.905997260299174267e-01 5.436121720746720509e-01
1.938625454401906034e-01 5.435731854878325109e-01
1.971812200750530930e-01 5.432440480001262673e-01
2.005567061033029785e-01 5.432322190283553898e-01
2.039899760621044777e-01 5.429207340544355276e-01
2.074820191371932743e-01 5.429968411070538181e-01
2.110338414478782620e-01 5.429157286091748080e-01
2.146464663369223314e-01 5.428424047057955892e-01
2.183209346653853800e-01 5.426576122688223647e-01
2.220583051125149254e-01 5.426884139165665255e-01
2.258596544807703332e-01 5.424390910554678369e-01
2.297260780060684515e-01 5.423377266699204169e-01
2.336586896733406915e-01 5.419260888554933153e-01
2.376586225374913708e-01 5.422216931258608819e-01
2.417270290498511887e-01 5.419516008672734531e-01
2.458650813902187870e-01 5.420699401681999818e-01
2.500739718045864035e-01 5.417813015997717807e-01
2.543549129486468163e-01 5.414356315190824720e-01
2.587091382371812243e-01 5.413067183419159045e-01
2.631379021994275647e-01 5.412415291208489965e-01
2.676424808405327149e-01 5.412879200073156261e-01
2.722241720091920780e-01 5.412881764201674661e-01
2.768842957715826891e-01 5.404831289277982620e-01
2.816241947916973687e-01 5.407576003636914708e-01
2.864452347181906111e-01 5.406165707554397848e-01
2.913488045778454549e-01 5.405706452483319824e-01
2.963363171757769088e-01 5.402323448833270536e-01
3.014092095024858975e-01 5.403010436051058907e-01
3.065689431478818006e-01 5.401966670364942713e-01
3.118170047223923769e-01 5.395214696198037396e-01
3.171549062852822565e-01 5.397873720280513821e-01
3.225841857803039558e-01 5.395822800730215585e-01
3.281064074788070939e-01 5.391642206479990707e-01
3.337231624304318189e-01 5.392734571203470217e-01
3.394360689215190630e-01 5.387462015452650910e-01
3.452467729413670749e-01 5.388092349369564271e-01
3.511569486564699027e-01 5.383190872683270012e-01
3.571682988928747693e-01 5.385813835748964884e-01
3.632825556267957889e-01 5.379034680467617013e-01
3.695014804836274647e-01 5.380375565596036136e-01
3.758268652454997416e-01 5.380465603712257794e-01
3.822605323675220546e-01 5.376743216392823044e-01
3.888043355028652504e-01 5.378037795696223311e-01
3.954601600368312098e-01 5.372933092449221348e-01
4.022299236300663772e-01 5.368273553724599578e-01
4.091155767710728530e-01 5.366752277774270441e-01
4.161191033381794191e-01 5.366977918035460426e-01
4.232425211711315916e-01 5.365961942407151408e-01
4.304878826524663471e-01 5.363638877523031478e-01
4.378572752988409977e-01 5.359502121390274931e-01
4.453528223624823035e-01 5.361197086042236437e-01
4.529766834429341249e-01 5.352275909877368676e-01
4.607310551092752560e-01 5.353972333443665077e-01
4.686181715329905129e-01 5.352193940946590178e-01
4.766403051316746020e-01 5.343897165054152243e-01
4.847997672237557287e-01 5.342503247663131782e-01
4.930989086944277955e-01 5.341686985168350166e-01
5.015401206729810379e-01 5.340413942511109680e-01
5.101258352217296066e-01 5.341354650101992618e-01
5.188585260367313268e-01 5.336097479455914616e-01
5.277407091605026412e-01 5.333503328780846431e-01
5.367749437069362362e-01 5.329481418685607652e-01
5.459638325986252427e-01 5.322545070303271730e-01
5.553100233168131172e-01 5.323678872377585192e-01
5.648162086641779212e-01 5.316427748288591326e-01
5.744851275406778202e-01 5.320145605159997126e-01
5.843195657326760717e-01 5.313245031826490106e-01
5.943223567155744291e-01 5.306260739735521037e-01
6.044963824701893307e-01 5.311061948526396570e-01
6.148445743130991348e-01 5.300996431587450264e-01
6.253699137412107589e-01 5.303122296764603005e-01
6.360754332907793129e-01 5.299102758597250551e-01
6.469642174111369659e-01 5.297344266293911863e-01
6.580394033533766285e-01 5.293222660327728812e-01
6.693041820742493542e-01 5.282682864665911859e-01
6.807617991555359183e-01 5.285977349664162661e-01
6.924155557391551419e-01 5.276547633150171501e-01
7.042688094782828534e-01 5.269968133189764092e-01
7.163249755047493839e-01 5.270635314993027398e-01
7.285875274130008128e-01 5.273221577379777480e-01
7.410599982609020753e-01 5.265980049143222930e-01
7.537459815876732527e-01 5.263925600448833286e-01
7.666491324492525905e-01 5.259528576303506009e-01
7.797731684713813394e-01 5.253844537084645383e-01
7.931218709207189521e-01 5.248898340601878543e-01
8.066990857942919479e-01 5.246137242910885456e-01
8.205087249275933026e-01 5.241240388960637375e-01
8.345547671216521080e-01 5.231125978432012991e-01
8.488412592893960218e-01 5.230468608178062695e-01
8.633723176216387962e-01 5.220758375277559926e-01
8.781521287730265080e-01 5.220962428814565071e-01
8.931849510682883242e-01 5.217421446685067687e-01
9.084751157291341972e-01 5.211357468939338267e-01
9.240270281221558690e-01 5.199060492974737491e-01
9.398451690280920090e-01 5.199854369551812905e-01
9.559340959328189724e-01 5.194110924134667240e-01
9.722984443404447674e-01 5.181305483539234702e-01
9.889429291088775997e-01 5.186200709716275448e-01
1.005872345808261681e+00 5.170069520830786747e-01
1.023091572102663882e+00 5.176049888207963079e-01
1.040605569155416577e+00 5.166094738390690777e-01
1.058419383058516017e+00 5.162980717713167023e-01
1.076538146286490027e+00 5.156417435212367062e-01
1.094967079175153790e+00 5.149320135139436871e-01
1.113711491425683819e+00 5.136831639329552113e-01
1.132776783634433349e+00 5.137663864682340265e-01
1.152168448848942317e+00 5.132296363970832997e-01
1.171892074150579388e+00 5.115096635573930239e-01
1.191953342264278737e+00 5.112246798739971121e-01
1.212358033195835461e+00 5.110694281204788414e-01
1.233112025897226349e+00 5.096219032799064186e-01
1.254221299960438740e+00 5.087643090058351358e-01
1.275691937340299287e+00 5.087171661960936397e-01
1.297530124106788030e+00 5.082406768701236421e-01
1.319742152227359799e+00 5.069851546281662902e-01
1.342334421379767884e+00 5.065094814128712208e-01
1.365313440795925093e+00 5.053828779538365179e-01
1.388685831137329352e+00 5.042831072541139603e-01
1.412458326402590059e+00 5.042107186133262253e-01
1.436637775867616984e+00 5.034026575578505192e-01
1.461231146059013719e+00 5.024633927349659857e-01
1.486245522761259652e+00 5.017518855056740668e-01
1.511688113058246019e+00 5.008786458606057090e-01
1.537566247409769105e+00 5.000130561029207943e-01
1.563887381763561457e+00 4.990731987891343091e-01
1.590659099703483959e+00 4.980720560929851048e-01
1.617889114634490255e+00 4.970665007827806403e-01
1.645585272004991939e+00 4.961047385263316900e-01
1.673755551567276179e+00 4.951260339440143876e-01
1.702408069676609514e+00 4.941677429271044142e-01
1.731551081629704614e+00 4.931193216706649673e-01
1.761192984043217447e+00 4.913966148622761487e-01
1.791342317272957674e+00 4.906353037038767573e-01
1.822007767874521011e+00 4.898462603772616997e-01
1.853198171106036352e+00 4.885493483560539585e-01
1.884922513473760608e+00 4.877053635700001055e-01
1.917189935321250038e+00 4.865648098421871404e-01
1.950009733462852335e+00 4.852468727817140226e-01
1.983391363862286871e+00 4.838905335502656224e-01
2.017344444357073385e+00 4.830113049201610331e-01
2.051878757429601574e+00 4.817517490533332336e-01
2.087004253025632305e+00 4.805138970379227437e-01
2.122731051421060222e+00 4.792389151980892548e-01
2.159069446137740655e+00 4.779496296126199417e-01
2.196029906909233276e+00 4.766411262647256009e-01
2.233623082697320683e+00 4.753992604211695894e-01
2.271859804760159030e+00 4.740650921224797698e-01
2.310751089772957734e+00 4.725473748725017575e-01
2.350308143002077799e+00 4.711411125031591540e-01
2.390542361533465332e+00 4.697276174045578734e-01
2.431465337556356410e+00 4.682395517510765104e-01
2.473088861703185426e+00 4.668218096988665522e-01
2.515424926446683251e+00 4.654363410000029733e-01
2.558485729555114663e+00 4.636610700734110080e-01
2.602283677606672008e+00 4.633076051525102934e-01
2.646831389564031412e+00 4.607329275700741689e-01
2.692141700410093375e+00 4.604133418134664368e-01
2.738227664845977127e+00 4.573012447546219161e-01
2.785102561052302583e+00 4.556826013926403296e-01
2.832779894514874552e+00 4.557900083790800694e-01
2.881273401915845245e+00 4.533026119998297410e-01
2.930597055091502146e+00 4.511849498854477725e-01
2.980765065057796814e+00 4.492834705234579618e-01
3.031791886104791445e+00 4.478986637013917527e-01
3.083692219961194692e+00 4.452986028825002274e-01
3.136481020030185807e+00 4.456335029256993652e-01
3.190173495697761208e+00 4.415886847063072440e-01
3.244785116714823392e+00 4.424339209424559827e-01
3.300331617654288952e+00 4.379522932551748182e-01
3.356829002444499555e+00 4.375490428466019543e-01
3.414293548980231296e+00 4.349769062980660128e-01
3.472741813812650680e+00 4.325734265814656365e-01
3.532190636919545490e+00 4.348674019977284422e-01
3.592657146557222791e+00 4.301057318780631133e-01
3.654158764195453823e+00 4.282658282968804242e-01
3.716713209536919305e+00 4.252601553892920161e-01
3.780338505622561573e+00 4.272853412284488561e-01
3.845052984024341924e+00 4.208679119142190728e-01
3.910875290126894388e+00 4.188388608815331038e-01
3.977824388499579644e+00 4.245294472500806826e-01
4.045919568360526242e+00 4.154465478022469349e-01
4.115180449134189011e+00 4.166146044411738747e-01
4.185626986104049152e+00 4.111675252544537695e-01
4.257279476162089793e+00 4.085437245143143659e-01
4.330158563656679505e+00 4.122062728522049579e-01
4.404285246340588600e+00 4.089274798106823927e-01
4.479680881420799565e+00 4.056827149503728358e-01
4.556367191711902187e+00 4.116865727783780016e-01
4.634366271894821310e+00 3.999547343755449624e-01
4.713700594882674899e+00 4.025162116043725646e-01
4.794393018295630249e+00 4.052017574787298848e-01
4.876466791046582649e+00 3.936080990464637108e-01
4.959945560039578538e+00 3.964074226841304838e-01
5.044853376982899817e+00 4.034852257312018242e-01
5.131214705318798863e+00 3.927319702700612924e-01
5.219054427271837326e+00 3.855663228219026184e-01
5.308397851017901736e+00 3.925725425678134872e-01
5.399270717975934275e+00 3.906972179001428902e-01
5.491699210224481931e+00 3.792442536221938276e-01
5.585709958045230294e+00 3.768041443031981963e-01
5.681330047595650079e+00 3.784243983439619097e-01
5.778587028712998119e+00 3.737105392796912784e-01
5.877508922851915507e+00 3.725656993044878518e-01
5.978124231157893043e+00 3.776698171942876048e-01
6.080461942678972775e+00 3.734663742958140298e-01
6.184551542717989570e+00 3.635765198066653325e-01
6.290423021327815611e+00 3.678775919340487310e-01
6.398106881952026370e+00 3.793946008783924406e-01
6.507634150213465141e+00 3.723086269520916036e-01
6.619036382853296985e+00 3.567781237973734476e-01
6.732345676823048741e+00 3.587674330489530328e-01
6.847594678532314738e+00 3.636798182066030005e-01
6.964816593254750998e+00 3.547984479748599318e-01
7.084045194695118397e+00 3.543966915786901928e-01
7.205314834720076611e+00 3.541354790999691748e-01
7.328660453255560370e+00 3.464427554164674072e-01
7.454117588353598833e+00 3.671517484899260997e-01
7.581722386431436256e+00 3.737451171071146105e-01
7.711511612685980843e+00 3.416511221860967229e-01
7.843522661686488817e+00 3.411134046662825936e-01
7.977793568148606518e+00 3.379326035330754152e-01
8.114363017892845420e+00 3.512788969026568453e-01
8.253270358990638655e+00 3.716822609244264108e-01
8.394555613101235991e+00 3.352150890298702945e-01
8.538259487002633819e+00 3.366557022820501066e-01
8.684423384319927663e+00 3.273932731010721908e-01
8.833089417454427661e+00 3.574734535980649830e-01
8.984300419716966246e+00 3.469018026383920983e-01
9.138099957668959661e+00 3.421806109450581945e-01
9.294532343674692498e+00 3.479691381899353564e-01
9.453642648668489912e+00 3.259987775739875415e-01
9.615476715140443886e+00 3.229858829670922971e-01
9.780081170344464780e+00 3.490582449817631883e-01
9.947503439732397368e+00 3.502014048631957310e-01
1.011779176061815022e+01 3.419030964142174556e-01
1.029099519607568070e+01 3.482241029611943817e-01
1.046716364907500108e+01 3.190816539251358219e-01
1.064634787686003037e+01 3.185849542660847411e-01
1.082859950557268647e+01 3.436099404870508467e-01
1.101397104512732561e+01 3.184070571776181358e-01
1.120251590433969646e+01 3.778192400536785067e-01
1.139428840631505224e+01 3.194273042222987025e-01
1.158934380409952247e+01 3.534584645949798709e-01
1.178773829659951922e+01 3.105957535660304192e-01
1.198952904477367731e+01 3.129565368906365164e-01
1.219477418810184766e+01 3.253553764097192325e-01
1.240353286133620792e+01 3.251944018949219362e-01
1.261586521153894580e+01 3.384180971853647524e-01
1.283183241541172137e+01 3.669017639298327582e-01
1.305149669692179693e+01 3.131066785138549302e-01
1.327492134522977629e+01 3.555878546504218085e-01
1.350217073292442649e+01 3.016074936217933433e-01
1.373331033456947026e+01 3.052470668046774471e-01
1.396840674556800188e+01 3.123438310790329631e-01
1.420752770134984644e+01 3.302523407732346761e-01
1.445074209688722711e+01 3.028387901005625271e-01
1.469812000654474637e+01 3.796970749958478164e-01
1.494973270426894274e+01 3.408144185466694398e-01
1.520565268412361704e+01 3.199118830302404293e-01
1.546595368117670333e+01 3.652021225189163167e-01
1.573071069274453038e+01 3.031705877745695110e-01
1.600000000000000000e+01 2.993190011270959183e-01
