1.000000000000000056e-01 5.186639055555267719e-01
1.017118699371902663e-01 5.183131658080273318e-01
1.034530448611991338e-01 5.182849729406627803e-01
1.052240264352859583e-01 5.183117347847548961e-01
1.070253249105327931e-01 5.182233573182375430e-01
1.088574592728564217e-01 5.182192454874773313e-01
1.107209573925375945e-01 5.182462441594313241e-01
1.126163561763097315e-01 5.180060407202795592e-01
1.145442017220510977e-01 5.178568807034719113e-01
1.165050494761254996e-01 5.178493327734638996e-01
1.184994643934159375e-01 5.178722652905581869e-01
1.205280211000983592e-01 5.178348622642058308e-01
1.225913040592012809e-01 5.177539338957689585e-01
1.246899077390003080e-01 5.173964275054202533e-01
1.268244367842945308e-01 5.176955689392147564e-01
1.289955061906157552e-01 5.175739252717974637e-01
1.312037414814193614e-01 5.175476463478720923e-01
1.334497788883086122e-01 5.172362524824902774e-01
1.357342655343445059e-01 5.172024105386328063e-01
1.380578596204929676e-01 5.169780378320043557e-01
1.404212306152645418e-01 5.172222847221292774e-01
1.428250594475999058e-01 5.171035389132834226e-01
1.452700387030574913e-01 5.166164854054744460e-01
1.477568728233598638e-01 5.167020398195983910e-01
1.502862783093554255e-01 5.168045799077429781e-01
1.528589839274553941e-01 5.167336434759579600e-01
1.554757309196040382e-01 5.165942922968418394e-01
1.581372732168436213e-01 5.165759703664667413e-01
1.608443776565352257e-01 5.164713478155643633e-01
1.635978242032982422e-01 5.159689984216089265e-01
1.663984061737319164e-01 5.163165049974932641e-01
1.692469304649838191e-01 5.161500082381813570e-01
1.721442177872312407e-01 5.159213604154925248e-01
1.750911029001421815e-01 5.158527801464747320e-01
1.780884348533846029e-01 5.157910129217200268e-01
1.811370772312524413e-01 5.156622378392985429e-01
1.842379084014793833e-01 5.154725576064306258e-01
1.873918217683125109e-01 5.151687915074195656e-01
1.905997260299174267e-01 5.153593720791052046e-01
1.938625454401906034e-01 5.153130758835260394e-01
1.971812200750530930e-01 5.148960040169843211e-01
2.005567061033029785e-01 5.148842371851459765e-01
2.039899760621044777e-01 5.144897486016883903e-01
2.074820191371932743e-01 5.145908158355460005e-01
2.110338414478782620e-01 5.144911118181870746e-01
2.146464663369223314e-01 5.144006658525774878e-01
2.183209346653853800e-01 5.141684858879225217e-01
2.220583051125149254e-01 5.142124626837617507e-01
2.258596544807703332e-01 5.138970396446257416e-01
2.297260780060684515e-01 5.137715424721875923e-01
2.336586896733406915e-01 5.132476328294749424e-01
2.376586225374913708e-01 5.136321586770492553e-01
2.417270290498511887e-01 5.132901021915092787e-01
2.458650813902187870e-01 5.134479451330592470e-01
2.500739718045864035e-01 5.130819345371107065e-01
2.543549129486468163e-01 5.126421845942766842e-01
2.587091382371812243e-01 5.124822036531815339e-01
2.631379021994275647e-01 5.124035198245893152e-01
2.676424808405327149e-01 5.124705224117593882e-01
2.722241720091920780e-01 5.124778200383043325e-01
2.768842957715826891e-01 5.114432379153881492e-01
2.816241947916973687e-01 5.118056880214716386e-01
2.864452347181906111e-01 5.116304504279177712e-01
2.913488045778454549e-01 5.115784462330950078e-01
2.963363171757769088e-01 5.111473191421741502e-01
3.014092095024858975e-01 5.112448204869807222e-01
3.065689431478818006e-01 5.111183938545114103e-01
3.118170047223923769e-01 5.102492394184870994e-01
3.171549062852822565e-01 5.106041532794995952e-01
3.225841857803039558e-01 5.103475789857954137e-01
3.281064074788070939e-01 5.098120952409292972e-01
3.337231624304318189e-01 5.099645942088369965e-01
3.394360689215190630e-01 5.092864516775970074e-01
3.452467729413670749e-01 5.093802258998103571e-01
3.511569486564699027e-01 5.087497206474632661e-01
3.571682988928747693e-01 5.091057611822913387e-01
3.632825556267957889e-01 5.082283096394319966e-01
3.695014804836274647e-01 5.084177595279699702e-01
3.758268652454997416e-01 5.084425351001664595e-01
3.822605323675220546e-01 5.079675952620997803e-01
3.888043355028652504e-01 5.081521652097872321e-01
3.954601600368312098e-01 5.074950261650119643e-01
4.022299236300663772e-01 5.068948886100901330e-01
4.091155767710728530e-01 5.067096150264196464e-01
4.161191033381794191e-01 5.067569665795278455e-01
4.232425211711315916e-01 5.066402307772058800e-01
4.304878826524663471e-01 5.063512181554565839e-01
4.378572752988409977e-01 5.058200113049134972e-01
4.453528223624823035e-01 5.060666645786524587e-01
4.529766834429341249e-01 5.048978793213894090e-01
4.607310551092752560e-01 5.051452970611753912e-01
4.686181715329905129e-01 5.049302006289311251e-01
4.766403051316746020e-01 5.038423471748051385e-01
4.847997672237557287e-01 5.036790777905751915e-01
4.930989086944277955e-01 5.035946247501230655e-01
5.015401206729810379e-01 5.034492490061935888e-01
5.101258352217296066e-01 5.036046673294152232e-01
5.188585260367313268e-01 5.029248530862955313e-01
5.277407091605026412e-01 5.026035094232679246e-01
5.367749437069362362e-01 5.020898806581185481e-01
5.459638325986252427e-01 5.011792257529414929e-01
5.553100233168131172e-01 5.013670735563986458e-01
5.648162086641779212e-01 5.004128480754495012e-01
5.744851275406778202e-01 5.009586962214701567e-01
5.843195657326760717e-01 5.000525868174806599e-01
5.943223567155744291e-01 4.991307842808321293e-01
6.044963824701893307e-01 4.998338299533367501e-01
6.148445743130991348e-01 4.984894927225050343e-01
6.253699137412107589e-01 4.988299371229258372e-01
6.360754332907793129e-01 4.983206871741067134e-01
6.469642174111369659e-01 4.981268912628103451e-01
6.580394033533766285e-01 4.976057588108004914e-01
6.693041820742493542e-01 4.961862227939171088e-01
6.807617991555359183e-01 4.967043622476299825e-01
6.924155557391551419e-01 4.954387066930663330e-01
7.042688094782828534e-01 4.945713042755057187e-01
7.163249755047493839e-01 4.947284936668108202e-01
7.285875274130008128e-01 4.951645574508680148e-01
7.410599982609020753e-01 4.942072008956936435e-01
7.537459815876732527e-01 4.939886248689825954e-01
7.666491324492525905e-01 4.934375259398872116e-01
7.797731684713813394e-01 4.927034253666006669e-01
7.931218709207189521e-01 4.920759088486812427e-01
8.066990857942919479e-01 4.917643806594570455e-01
8.205087249275933026e-01 4.911496651741983910e-01
8.345547671216521080e-01 4.897687849871054100e-01
8.488412592893960218e-01 4.897725956453389262e-01
8.633723176216387962e-01 4.884523497045281104e-01
8.781521287730265080e-01 4.885917405924490309e-01
8.931849510682883242e-01 4.881838752310009300e-01
9.084751157291341972e-01 4.874069246070438788e-01
9.240270281221558690e-01 4.856861464239511372e-01
9.398451690280920090e-01 4.859418494451957504e-01
9.559340959328189724e-01 4.852142608784043021e-01
9.722984443404447674e-01 4.834079453907359492e-01
9.889429291088775997e-01 4.843163330305711445e-01
1.005872345808261681e+00 4.819874052877631265e-01
1.023091572102663882e+00 4.830904089101032417e-01
1.040605569155416577e+00 4.817242231463474411e-01
1.058419383058516017e+00 4.814266667197877325e-01
1.076538146286490027e+00 4.805930224181112487e-01
1.094967079175153790e+00 4.796765958744222402e-01
1.113711491425683819e+00 4.778930364042018875e-01
1.132776783634433349e+00 4.782720865547963607e-01
1.152168448848942317e+00 4.776457794064328799e-01
1.171892074150579388e+00 4.750666280645040040e-01
1.191953342264278737e+00 4.748710626274925684e-01
1.212358033195835461e+00 4.749110945784969506e-01
1.233112025897226349e+00 4.727621887846378823e-01
1.254221299960438740e+00 4.716152034129565962e-01
1.275691937340299287e+00 4.718860782465546522e-01
1.297530124106788030e+00 4.714389792289571113e-01
1.319742152227359799e+00 4.696019478783697854e-01
1.342334421379767884e+00 4.691660168351393101e-01
1.365313440795925093e+00 4.675618842811991582e-01
1.388685831137329352e+00 4.659885742913174589e-01
1.412458326402590059e+00 4.663751861847751923e-01
1.436637775867616984e+00 4.653926674439717304e-01
1.461231146059013719e+00 4.641661946930127347e-01
1.486245522761259652e+00 4.634031710444893037e-01
1.511688113058246019e+00 4.623256429701231296e-01
1.537566247409769105e+00 4.612878738909363396e-01
1.563887381763561457e+00 4.601056050859860247e-01
1.590659099703483959e+00 4.588004334855173560e-01
1.617889114634490255e+00 4.575013306210516939e-01
1.645585272004991939e+00 4.563125497150994914e-01
1.673755551567276179e+00 4.551108699468252028e-01
1.702408069676609514e+00 4.539848784205232080e-01
1.731551081629704614e+00 4.526635131835826109e-01
1.761192984043217447e+00 4.494215415774217570e-01
1.791342317272957674e+00 4.489060249828105698e-01
1.822007767874521011e+00 4.484460388530217001e-01
1.853198171106036352e+00 4.463837536831356534e-01
1.884922513473760608e+00 4.459467662813204614e-01
1.917189935321250038e+00 4.445620336122567684e-01
1.950009733462852335e+00 4.423583592598041569e-01
1.983391363862286871e+00 4.398459400941341357e-01
2.017344444357073385e+00 4.402363946231389602e-01
2.051878757429601574e+00 4.384817088406667285e-01
2.087004253025632305e+00 4.369050292237459665e-01
2.122731051421060222e+00 4.353851216089644205e-01
2.159069446137740655e+00 4.337954822025855139e-01
2.196029906909233276e+00 4.320310906424703057e-01
2.233623082697320683e+00 4.296995818317896898e-01
2.271859804760159030e+00 4.281389598151253417e-01
2.310751089772957734e+00 4.271599759579615130e-01
2.350308143002077799e+00 4.254206456948537163e-01
2.390542361533465332e+00 4.236444996891030046e-01
2.431465337556356410e+00 4.219251814936356704e-01
2.473088861703185426e+00 4.199746870658835340e-01
2.515424926446683251e+00 4.179919227314719543e-01
2.558485729555114663e+00 4.164213547233562296e-01
2.602283677606672008e+00 4.134117439720506604e-01
2.646831389564031412e+00 4.124031583037272020e-01
2.692141700410093375e+00 4.096822167986545749e-01
2.738227664845977127e+00 4.085660725197345911e-01
2.785102561052302583e+00 4.065241104615434087e-01
2.832779894514874552e+00 4.039007951040667899e-01
2.881273401915845245e+00 4.021466206405730492e-01
2.930597055091502146e+00 4.001691047493739495e-01
2.980765065057796814e+00 3.980704023526133728e-01
3.031791886104791445e+00 3.959136073848567028e-01
3.083692219961194692e+00 3.937532349472590565e-01
3.136481020030185807e+00 3.916118533741880237e-01
3.190173495697761208e+00 3.892807709599443999e-01
3.244785116714823392e+00 3.873161979642824604e-01
3.300331617654288952e+00 3.847224126517868048e-01
3.356829002444499555e+00 3.826671392508900205e-01
3.414293548980231296e+00 3.802263362322640949e-01
3.472741813812650680e+00 3.777654453133565404e-01
3.532190636919545490e+00 3.764899348428032977e-01
3.592657146557222791e+00 3.734038210265154811e-01
3.654158764195453823e+00 3.710556075945178334e-01
3.716713209536919305e+00 3.683120263415417539e-01
3.780338505622561573e+00 3.672531180389447258e-01
3.845052984024341924e+00 3.632750732587297082e-01
3.910875290126894388e+00 3.607981995465542324e-01
3.977824388499579644e+00 3.613376641242618259e-01
4.045919568360526242e+00 3.560655260118464338e-01
4.115180449134189011e+00 3.549222084998177040e-01
4.185626986104049152e+00 3.509678674261250686e-01
4.257279476162089793e+00 3.481993048384283695e-01
4.330158563656679505e+00 3.482743944982106821e-01
4.404285246340588600e+00 3.452292511694003974e-01
4.479680881420799565e+00 3.421653301391737734e-01
4.556367191711902187e+00 3.435984802846557273e-01
4.634366271894821310e+00 3.363431729583274410e-01
4.713700594882674899e+00 3.361678353243996997e-01
4.794393018295630249e+00 3.361127074235013001e-01
4.876466791046582649e+00 3.286834463759131242e-01
4.959945560039578538e+00 3.287460603447141527e-01
5.044853376982899817e+00 3.311746686092509884e-01
5.131214705318798863e+00 3.240246713679319490e-01
5.219054427271837326e+00 3.187391813366975413e-01
5.308397851017901736e+00 3.212893559132465882e-01
5.399270717975934275e+00 3.189597443370887908e-01
5.491699210224481931e+00 3.111895293734715517e-01
5.585709958045230294e+00 3.084902261646692567e-01
5.681330047595650079e+00 3.081514306899117428e-01
5.778587028712998119e+00 3.041598738696619231e-01
5.877508922851915507e+00 3.022611006377377563e-01
5.978124231157893043e+00 3.040783907144273268e-01
6.080461942678972775e+00 3.004050291024019104e-01
6.184551542717989570e+00 2.933107860754013418e-01
6.290423021327815611e+00 2.947633115133540538e-01
6.398106881952026370e+00 3.006639594152208939e-01
6.507634150213465141e+00 2.952745364628960867e-01
6.619036382853296985e+00 2.846573736010758471e-01
6.732345676823048741e+00 2.848210464265292785e-01
6.847594678532314738e+00 2.868420985023077963e-01
6.964816593254750998e+00 2.802875770506099151e-01
7.084045194695118397e+00 2.790381832515914651e-01
7.205314834720076611e+00 2.779044436432570597e-01
7.328660453255560370e+00 2.720739826455789712e-01
7.454117588353598833e+00 2.843176028723122806e-01
7.581722386431436256e+00 2.876677802780515658e-01
7.711511612685980843e+00 2.662579248267169518e-01
7.843522661686488817e+00 2.650335161612170087e-01
7.977793568148606518e+00 2.621209669505437101e-01
8.114363017892845420e+00 2.699266495569022095e-01
8.253270358990638655e+00 2.824005718590738567e-01
8.394555613101235991e+00 2.579086836519066117e-01
8.538259487002633819e+00 2.580784614336016913e-01
8.684423384319927663e+00 2.512577673523034294e-01
8.833089417454427661e+00 2.702762591846863405e-01
8.984300419716966246e+00 2.626433660645775547e-01
9.138099957668959661e+00 2.588579732882611006e-01
9.294532343674692498e+00 2.620339447469627880e-01
9.453642648668489912e+00 2.468360685925994058e-01
9.615476715140443886e+00 2.441950717764103940e-01
9.780081170344464780e+00 2.609279699042048040e-01
9.947503439732397368e+00 2.611201691253068335e-01
1.011779176061815022e+01 2.550248456437600453e-01
1.029099519607568070e+01 2.587128377031439053e-01
1.046716364907500108e+01 2.386514906616224729e-01
1.064634787686003037e+01 2.377797212873368760e-01
1.082859950557268647e+01 2.540911375906145242e-01
1.101397104512732561e+01 2.366364912423963851e-01
1.120251590433969646e+01 2.762289111514582562e-01
1.139428840631505224e+01 2.363737114393968664e-01
1.158934380409952247e+01 2.589374255459988561e-01
1.178773829659951922e+01 2.294999376178484818e-01
1.198952904477367731e+01 2.306662880540576444e-01
1.219477418810184766e+01 2.386640897910186909e-01
1.240353286133620792e+01 2.381619351780808747e-01
1.261586521153894580e+01 2.467769902550104588e-01
1.283183241541172137e+01 2.658170923798278129e-01
1.305149669692179693e+01 2.288264613192571573e-01
1.327492134522977629e+01 2.574581520241577270e-01
1.350217073292442649e+01 2.202864168995089800e-01
1.373331033456947026e+01 2.224390337546829077e-01
1.396840674556800188e+01 2.269717719952781265e-01
1.420752770134984644e+01 2.389246102367117985e-01
1.445074209688722711e+01 2.198607715302107468e-01
1.469812000654474637e+01 2.722617367648448305e-01
1.494973270426894274e+01 2.453470863518107947e-01
1.520565268412361704e+01 2.307470615759542598e-01
1.546595368117670333e+01 2.616048911489621265e-01
1.573071069274453038e+01 2.187432460731050798e-01
1.600000000000000000e+01 2.158514556140692930e-01
