9.832887700534760356e-01 3.159741563193920744e-01
9.832895781413983904e-01 3.159736484756341945e-01
9.832920023323267200e-01 1.942928885267690420e-01
9.832960424077469286e-01 2.137194614731708908e-01
9.833016980034838816e-01 3.130807597368482909e-01
9.833089686097227222e-01 1.857924076704876581e-01
9.833178535710384027e-01 2.266913222410876505e-01
9.833283520864346539e-01 3.070562951223339554e-01
9.833404632093908360e-01 1.792571268982630639e-01
9.833541858479186715e-01 2.407454207670705892e-01
9.833695187646260827e-01 2.981519441558085348e-01
9.833864605767902445e-01 1.748230381551496015e-01
9.834050097564394077e-01 2.554595431988497811e-01
9.834251646304434935e-01 2.867377881910211923e-01
9.834469233806132360e-01 1.726386288312453665e-01
9.834702840438070970e-01 2.702734922779199689e-01
9.834952445120488385e-01 2.733007934955298257e-01
9.835218025326514235e-01 1.728778311298219128e-01
9.835499557083519084e-01 2.844664144244039017e-01
9.835797014974531072e-01 2.584394305020580318e-01
9.836110372139756919e-01 1.757445931582056198e-01
9.836439600278173989e-01 2.971520549812200485e-01
9.836784669649225599e-01 2.428514471244621054e-01
9.837145549074602924e-01 1.814646848832920378e-01
9.837522205940091302e-01 3.073055281563600305e-01
9.837914606197550871e-01 2.273131953547535555e-01
9.838322714366934951e-01 1.902572496085513931e-01
9.838746493538444993e-01 3.138363761548037534e-01
9.839185905374727703e-01 2.126515568555284730e-01
9.839640910113213179e-01 2.022754526520244289e-01
9.840111466568493004e-01 3.157186684529502130e-01
9.840597532134831571e-01 1.997129696359034035e-01
9.841099062788732921e-01 2.175043086775467760e-01
9.841616013091628590e-01 3.121764928751654122e-01
9.842148336192633185e-01 1.893370263683394339e-01
9.842695983831402096e-01 2.356083593476652749e-01
9.843258906341086911e-01 3.029012965917891043e-01
9.843837052651369657e-01 1.823422826097136906e-01
9.844430370291603616e-01 2.557385145919983671e-01
9.845038805394035197e-01 2.882505054663557220e-01
9.845662302697123502e-01 1.795260789028573223e-01
9.846300805548963142e-01 2.763422757571532551e-01
9.846954255910785880e-01 2.693571548627667345e-01
9.847622594360568860e-01 1.816649527623925287e-01
9.848305760096733863e-01 2.950737270794046574e-01
9.849003690941932065e-01 2.480862481063277059e-01
9.849716323346955349e-01 1.894759386455926731e-01
9.850443592394699799e-01 3.089479369938827880e-01
9.851185431804264647e-01 2.268186613298000531e-01
9.851941773935130042e-01 2.034665900028669594e-01
9.852712549791433627e-01 3.148770104746934084e-01
9.853497689026352591e-01 2.081193877727653407e-01
9.854297119946573424e-01 2.235841321381697999e-01
9.855110769516869373e-01 3.105956569271859369e-01
9.855938563364777805e-01 1.944137506314391195e-01
9.856780425785371946e-01 2.486217272655905364e-01
9.857636279746132546e-01 2.957200660498713884e-01
9.858506046891933883e-01 1.877935537723860460e-01
9.859389647550111935e-01 2.755244232035576890e-01
9.860287000735645790e-01 2.724205274110415020e-01
9.861198024156442310e-01 1.899621286368559925e-01
9.862122634218722927e-01 2.990761502339259192e-01
9.863060746032504822e-01 2.452018263940597687e-01
9.864012273417195331e-01 2.021175132837563782e-01
9.864977128907297388e-01 3.127310676557181202e-01
9.865955223758196002e-01 2.197510710002471279e-01
9.866946467952077970e-01 2.243787943520904604e-01
9.867950770203932631e-01 3.110494872733131633e-01
9.868968037967684737e-01 2.014724715158300872e-01
9.869998177442407261e-01 2.544502061883179844e-01
9.871041093578660774e-01 2.929261682952854495e-01
9.872096690084932735e-01 1.945417680319111164e-01
9.873164869434184476e-01 2.859899529871718915e-01
9.874245532870512543e-01 2.633539388706537809e-01
9.875338580415915501e-01 2.016657968114927701e-01
9.876443910877160670e-01 3.085890223659475406e-01
9.877561421852786294e-01 2.318494383325205299e-01
9.878691009740184770e-01 2.236103199075691883e-01
9.879832569742813542e-01 3.117573552246880042e-01
9.880985995877523687e-01 2.084822287573923905e-01
9.882151180981978422e-01 2.571549182952120871e-01
9.883328016722204845e-01 2.921577820744872822e-01
9.884516393600244477e-01 2.006853657790400869e-01
9.885716200961928157e-01 2.920509435614774274e-01
9.886927327004754185e-01 2.579413355580418843e-01
9.888149658785891916e-01 2.123452143278631854e-01
9.889383082230281952e-01 3.117950199190962501e-01
9.890627482138872884e-01 2.246966281118511488e-01
9.891882742196954625e-01 2.426725422259835563e-01
9.893148744982624976e-01 3.034388050090137123e-01
9.894425371975347216e-01 2.067775856036966897e-01
9.895712503564650930e-01 2.819946071046598446e-01
9.897010019058934960e-01 2.704575684678046654e-01
9.898317796694381387e-01 2.123580724545312548e-01
9.899635713644007184e-01 3.093792307632471927e-01
9.900963646026810228e-01 2.325822261806594071e-01
9.902301468917048544e-01 2.420580757952641160e-01
9.903649056353632796e-01 3.044476653775535224e-01
9.905006281349633124e-01 2.112504535133321593e-01
9.906373015901911439e-01 2.839802401978011592e-01
9.907749131000868070e-01 2.692238440152888712e-01
9.909134496640309431e-01 2.184361111709381686e-01
9.910528981827432249e-01 3.104091470747397663e-01
9.911932454592932151e-01 2.299640559302495169e-01
9.913344782001217714e-01 2.535153990902537791e-01
9.914765830160773286e-01 2.973337047619390439e-01
9.916195464234600632e-01 2.138257451391865904e-01
9.917633548450823788e-01 2.963095644201445555e-01
9.919079946113378288e-01 2.553623286210701671e-01
9.920534519612843605e-01 2.325842439364472769e-01
9.921997130437376633e-01 3.093675806443200726e-01
9.923467639183790601e-01 2.214021318324131959e-01
9.924945905568726134e-01 2.769896612152292770e-01
9.926431788439959991e-01 2.773028665728461406e-01
9.927925145787830363e-01 2.227589457271962059e-01
9.929425834756783198e-01 3.091742883178527634e-01
9.930933711657030649e-01 2.334638163238516029e-01
9.932448631976341646e-01 2.613374670111190401e-01
9.933970450391936824e-01 2.916357768100858450e-01
9.935499020782521118e-01 2.203939110021806147e-01
9.937034196240426276e-01 3.040357693389047489e-01
9.938575829083867719e-01 2.444394404301036550e-01
9.940123770869325748e-01 2.517833716886907491e-01
9.941677872404053318e-01 2.989678512689016854e-01
9.943237983758679288e-01 2.214195501792861898e-01
9.944803954279970437e-01 2.993009063847409945e-01
9.946375632603655648e-01 2.514226595202272985e-01
9.947952866667423288e-01 2.478021679316085024e-01
9.949535503723997421e-01 3.014963854351790373e-01
9.951123390354343901e-01 2.230635166453950047e-01
9.952716372481004159e-01 2.974987153534920381e-01
9.954314295381520017e-01 2.534349802215004610e-01
9.955917003701996171e-01 2.484682426288051249e-01
9.957524341470764817e-01 3.007057523686901268e-01
9.959136152112171292e-01 2.242297747802766139e-01
9.960752278460472953e-01 2.991404403339261164e-01
9.962372562773841311e-01 2.505054022557551829e-01
9.963996846748496283e-01 2.535201949353361184e-01
9.965624971532934806e-01 2.965195940536101693e-01
9.967256777742272700e-01 2.254822807718472044e-01
9.968892105472708653e-01 3.031948920515316059e-01
9.970530794316085910e-01 2.433894019484794669e-01
9.972172683374572744e-01 2.633622286108820432e-01
9.973817611275435091e-01 2.875175840106413139e-01
9.975465416185941292e-01 2.289753353658922352e-01
9.977115935828345661e-01 3.067499083126271064e-01
9.978769007494999732e-01 2.341119271769667998e-01
9.980424468063552323e-01 2.780459439972112756e-01
9.982082154012269504e-01 2.722237171643853704e-01
9.983741901435441157e-01 2.381337142165057819e-01
9.985403546058886359e-01 3.045500326427462157e-01
9.987066923255591977e-01 2.268677167145347340e-01
9.988731868061402341e-01 2.949125851296471312e-01
9.990398215190846587e-01 2.516761378623052492e-01
9.992065799053040376e-01 2.562099388216612650e-01
9.993734453767694204e-01 2.905211357622102808e-01
9.995404013181212743e-01 2.282183563653387426e-01
9.997074310882885229e-01 3.055776576225337493e-01
9.998745180221169093e-01 2.321787234751349904e-01
1.000041645432006687e+00 2.820743309439103230e-01
1.000208796609559192e+00 2.635714333229440820e-01
1.000375954827231517e+00 2.449934505702603682e-01
1.000543103340000073e+00 2.971968984185163754e-01
1.000710225387033914e+00 2.252576845152574614e-01
1.000877304193374062e+00 3.031392623655387308e-01
1.001044322971623046e+00 2.344787120248108536e-01
1.001211264923641098e+00 2.769483642743744145e-01
1.001378113242250345e+00 2.655237215996348876e-01
1.001544851112948553e+00 2.424145679387127994e-01
1.001711461715626639e+00 2.964692003748896632e-01
1.001877928226297509e+00 2.238358995976036658e-01
1.002044233818828900e+00 3.032254206161272836e-01
1.002210361666685312e+00 2.302547310884960896e-01
1.002376294944675506e+00 2.812058978034036039e-01
1.002542016830706650e+00 2.569660398170118820e-01
1.002707510507546251e+00 2.481504756533818024e-01
1.002872759164587846e+00 2.881842226966710996e-01
1.003037745999624697e+00 2.249088847756891274e-01
1.003202454220628370e+00 3.036425874547979409e-01
1.003366867047533972e+00 2.218458980232856648e-01
1.003530967714028721e+00 2.932373193523423738e-01
1.003694739469347619e+00 2.388179982513812250e-01
1.003858165580072903e+00 2.649245987951457382e-01
1.004021229331939491e+00 2.675620622294836992e-01
1.004183914031643088e+00 2.357202646740323981e-01
1.004346203008654514e+00 2.936109250098172807e-01
1.004508079617036698e+00 2.187273140088712708e-01
1.004669527237266102e+00 3.028480894334550366e-01
1.004830529278057050e+00 2.189408219501373098e-01
1.004991069178191365e+00 2.907190696185427692e-01
1.005151130408348248e+00 2.350325215008301494e-01
1.005310696472939025e+00 2.645844086274610762e-01
1.005469750911944793e+00 2.608170498009501626e-01
1.005628277302753837e+00 2.369511834333710432e-01
1.005786259262004601e+00 2.862481080338665218e-01
1.005943680447427768e+00 2.176799255318121740e-01
1.006100524559691456e+00 3.007710909879450223e-01
1.006256775344247512e+00 2.113169148876331560e-01
1.006412416593177817e+00 2.985513918733713190e-01
1.006567432147043251e+00 2.181968776627054574e-01
1.006721805896731770e+00 2.813275275594646074e-01
1.006875521785306704e+00 2.357933109546576644e-01
1.007028563809856170e+00 2.563764012352640065e-01
1.007180916023341144e+00 2.592067773637665717e-01
1.007332562536443321e+00 2.319208059813467615e-01
1.007483487519412524e+00 2.818113755712577939e-01
1.007633675203911894e+00 2.138063265991285988e-01
1.007783109884862638e+00 2.970131103689416241e-01
1.007931775922287443e+00 2.047818853899747160e-01
1.008079657743149671e+00 3.006097105281916870e-01
1.008226739843193887e+00 2.052851480916791926e-01
1.008373006788779724e+00 2.922340906417268958e-01
1.008518443218715532e+00 2.143226688073341379e-01
1.008663033846089130e+00 2.749420156596767972e-01
1.008806763460092792e+00 2.298971879472442026e-01
1.008949616927846016e+00 2.534373291286344809e-01
1.009091579196214949e+00 2.491711520540654534e-01
1.009232635293624281e+00 2.321982702122455111e-01
1.009372770331869340e+00 2.687472627984256457e-01
1.009511969507918216e+00 2.144006335505664051e-01
1.009650218105711650e+00 2.852385283738127497e-01
1.009787501497956708e+00 2.017352739983540588e-01
1.009923805147912912e+00 2.959842855228135283e-01
1.010059114611175479e+00 1.947365066818421420e-01
1.010193415537447903e+00 2.996000379289702753e-01
1.010326693672311205e+00 1.932142379874028093e-01
1.010458934858983415e+00 2.961245253514424025e-01
1.010590125040074172e+00 1.965748072651160305e-01
1.010720250259327768e+00 2.867501874562898845e-01
1.010849296663362207e+00 2.039956233409877251e-01
1.010977250503397151e+00 2.733137394133207110e-01
1.011104098136973883e+00 2.145067845454612931e-01
1.011229826029665713e+00 2.577746509419912568e-01
1.011354420756780392e+00 2.270445447083416224e-01
1.011477869005050767e+00 2.418385571694818825e-01
1.011600157574316983e+00 2.405160126637416462e-01
1.011721273379198482e+00 2.267728293936207840e-01
1.011841203450753124e+00 2.538824763379488592e-01
1.011959934938128081e+00 2.133806505418045507e-01
1.012077455110198088e+00 2.662468012915160109e-01
1.012193751357192140e+00 2.020689130344533735e-01
1.012308811192308200e+00 2.769235482963959827e-01
1.012422622253315696e+00 1.929511396787331468e-01
1.012535172304146025e+00 2.854759956621431005e-01
1.012646449236469959e+00 1.859476200790130540e-01
1.012756441071261282e+00 2.917155437902156367e-01
1.012865135960347329e+00 1.808655279787227399e-01
1.012972522187946200e+00 2.956695644621628039e-01
1.013078588172189320e+00 1.774556025629277778e-01
1.013183322466629344e+00 2.975298520003014091e-01
1.013286713761734958e+00 1.754488160448524348e-01
1.013388750886368372e+00 2.975948057884471032e-01
1.013489422809248808e+00 1.745784895270636183e-01
1.013588718640400899e+00 2.962158020058101582e-01
1.013686627632586656e+00 1.745928756028856388e-01
1.013783139182719673e+00 2.937540209991001960e-01
1.013878242833266441e+00 1.752619134301902915e-01
1.013971928273627032e+00 2.905499998686542629e-01
1.014064185341501334e+00 1.763805411449142213e-01
1.014155004024237750e+00 2.869052854667745733e-01
1.014244374460162357e+00 1.777699547348671194e-01
1.014332286939892080e+00 2.830739642813993595e-01
1.014418731907629434e+00 1.792775744714700248e-01
1.014503699962438832e+00 2.792613119722733850e-01
1.014587181859502030e+00 1.807761407192045033e-01
1.014669168511358688e+00 2.756269593984547739e-01
1.014749650989124508e+00 1.821622049871039206e-01
1.014828620523690494e+00 2.722904649840169333e-01
1.014906068506902903e+00 1.833542209685129487e-01
1.014981986492724086e+00 2.693377673391120775e-01
1.015056366198370474e+00 1.842904151567849036e-01
1.015129199505433011e+00 2.668275256635070924e-01
1.015200478460974942e+00 1.849265960427916022e-01
1.015270195278608956e+00 2.647967786143304303e-01
1.015338342339553890e+00 1.852340326995934872e-01
1.015404912193669240e+00 2.632656556165517414e-01
1.015469897560468127e+00 1.851974970700337175e-01
1.015533291330108279e+00 2.622410740486882386e-01
1.015595086564361704e+00 1.848135238857143980e-01
1.015655276497561044e+00 2.617194760504665263e-01
1.015713854537523497e+00 1.840889031917222474e-01
1.015770814266452993e+00 2.616887241546709264e-01
1.015826149441818371e+00 1.830393875802623083e-01
1.015879853997208704e+00 2.621293054719537330e-01
1.015931922043165736e+00 1.816885722642462564e-01
1.015982347867992353e+00 2.630150042590636561e-01
1.016031125938537505e+00 1.800668924020417949e-01
1.016078250900957158e+00 2.643132019146609557e-01
1.016123717581451924e+00 1.782106784454276505e-01
1.016167520986979156e+00 2.659849574214950274e-01
1.016209656305942399e+00 1.761612155652086953e-01
1.016250118908854194e+00 2.679850124956165702e-01
1.016288904348976896e+00 1.739637655618806733e-01
1.016326008362936184e+00 2.702618547632312795e-01
1.016361426871310814e+00 1.716665265861617162e-01
1.016395155979197940e+00 2.727579583582904754e-01
1.016427191976751798e+00 1.693195247713540907e-01
1.016457531339697740e+00 2.754103029206256270e-01
1.016486170729821170e+00 1.669734499889627133e-01
1.016513106995430737e+00 2.781512476675688794e-01
1.016538337171795536e+00 1.646784627464112083e-01
1.016561858481556557e+00 2.809098060312105738e-01
1.016583668335112822e+00 1.624830093141310938e-01
1.016603764330981541e+00 2.836133285774634638e-01
1.016622144256131399e+00 1.604326862743124249e-01
1.016638806086290980e+00 2.861895590729423011e-01
1.016653747986229872e+00 1.585691941499680624e-01
1.016666968310014019e+00 2.885689839282007951e-01
1.016678465601236203e+00 1.569294132360586902e-01
1.016688238593216553e+00 2.906873533290168510e-01
1.016696286209180622e+00 1.555446252802294149e-01
1.016702607562409488e+00 2.924882185482103880e-01
1.016707201956362105e+00 1.544398938367090579e-01
1.016710068884773221e+00 2.939253095065090249e-01
1.016711208031724212e+00 1.536336064013085756e-01
1.016710619271685712e+00 2.949645737787232602e-01
1.016708302669536712e+00 1.531371740394771030e-01
1.016704258480554790e+00 2.955857150183623383e-01
1.016698487150380359e+00 1.529548803448744776e-01
1.016690989314954496e+00 2.957831044765595885e-01
1.016681765800431680e+00 1.530838709495662975e-01
1.016670817623062328e+00 2.955659902832509234e-01
1.016658145989053130e+00 1.535142770976861415e-01
1.016643752294398739e+00 2.949579892630558309e-01
1.016627638124686595e+00 1.542294702551753882e-01
1.016609805254876653e+00 2.939959075728515447e-01
1.016590255649054031e+00 1.552064481664640616e-01
1.016568991460157001e+00 2.927279914538510330e-01
1.016546015029675232e+00 1.564163545952748369e-01
1.016521328887326714e+00 2.912117511142427451e-01
1.016494935750703599e+00 1.578251342142211189e-01
1.016466838524897165e+00 2.895115246626639993e-01
1.016437040302091921e+00 1.593943205736277346e-01
1.016405544361138613e+00 2.876959533993772578e-01
1.016372354167097480e+00 1.610819492265498087e-01
1.016337473370758859e+00 2.858355257652028802e-01
1.016300905808136701e+00 1.628435809054462335e-01
1.016262655499937440e+00 2.840003182757323552e-01
1.016222726651003327e+00 1.646334130009138863e-01
1.016181123649731122e+00 2.822580226700218686e-01
1.016137851067464570e+00 1.664054527652893134e-01
1.016092913657864027e+00 2.806723045224204238e-01
1.016046316356249202e+00 1.681147242784316320e-01
1.015998064278919699e+00 2.793014944822799772e-01
1.015948162722448034e+00 1.697184839961616010e-01
1.015896617162952431e+00 2.781975728077916155e-01
1.015843433255341210e+00 1.711774265914032811e-01
1.015788616832537183e+00 2.774053732972927566e-01
1.015732173904675406e+00 1.724568731512306496e-01
1.015674110658279394e+00 2.769619051756251338e-01
1.015614433455411802e+00 1.735279460380992345e-01
1.015553148832804897e+00 2.768956711842638363e-01
1.015490263500965273e+00 1.743687468450010325e-01
1.015425784343256366e+00 2.772258468972601531e-01
1.015359718414960311e+00 1.749655637249583617e-01
1.015292072942314938e+00 2.779611804011225540e-01
1.015222855321529671e+00 1.753141396450630107e-01
1.015152073117780107e+00 2.790984742625841064e-01
1.015079734064179284e+00 1.754210322614009332e-01
1.015005846060728523e+00 2.806205263806191841e-01
1.014930417173247168e+00 1.753050878509175847e-01
1.014853455632281021e+00 2.824934387734619468e-01
1.014774969831989004e+00 1.749990360780601661e-01
1.014694968329010960e+00 2.846632625706371211e-01
1.014613459841313681e+00 1.745511900686300688e-01
1.014530453247016961e+00 2.870520458702741640e-01
1.014445957583202107e+00 1.740272092066962040e-01
1.014359982044696684e+00 2.895535033653359736e-01
1.014272535982843948e+00 1.735118524163691278e-01
1.014183628904250956e+00 2.920287470963013332e-01
1.014093270469518471e+00 1.731106187669791963e-01
1.014001470491952439e+00 2.943028143277293673e-01
1.013908238936257478e+00 1.729511379818857164e-01
1.013813585917211268e+00 2.961630928049211464e-01
1.013717521698322965e+00 1.731841269763514657e-01
1.013620056690472948e+00 2.973611352087644488e-01
1.013521201450534814e+00 1.739836488978007412e-01
1.013420966679983382e+00 2.976196832361360234e-01
1.013319363223482261e+00 1.755462609533566809e-01
1.013216402067458333e+00 2.966468321650052031e-01
1.013112094338658897e+00 1.780883611615569073e-01
1.013006451302692401e+00 2.941589404822584908e-01
1.012899484362555613e+00 1.818405757975182779e-01
1.012791205057144150e+00 2.899128829201192414e-01
1.012681625059749235e+00 1.870373186212936079e-01
1.012570756176538911e+00 2.837463882435691254e-01
1.012458610345026377e+00 1.938987250687245201e-01
1.012345199632523007e+00 2.756225577082051514e-01
1.012230536234578926e+00 2.026012262187143476e-01
1.012114632473410047e+00 2.656717076359919605e-01
1.011997500796312233e+00 2.132326233861417675e-01
1.011879153774061679e+00 2.542214231621951481e-01
1.011759604099304433e+00 2.257286994424789472e-01
1.011638864584934128e+00 2.418055266645115775e-01
1.011516948162455964e+00 2.397927287039497979e-01
1.011393867880340913e+00 2.291457616675914577e-01
1.011269636902369484e+00 2.548084093271520967e-01
1.011144268505962174e+00 2.171065169653434157e-01
1.011017776080502584e+00 2.697712665963319378e-01
1.010890173125647218e+00 2.066310829484105105e-01
1.010761473249629061e+00 2.832804794538701376e-01
1.010631690167547614e+00 1.986738477307304629e-01
1.010500837699653598e+00 2.936432773194172507e-01
1.010368929769621893e+00 1.941415692842644036e-01
1.010235980402817813e+00 2.991323543736715829e-01
1.010102003724554054e+00 1.938447598953606521e-01
1.009967013958339876e+00 2.983889725515531111e-01
1.009831025424122952e+00 1.984379547287573320e-01
1.009694052536524334e+00 2.908833844912151467e-01
1.009556109803065871e+00 2.083033443527449458e-01
1.009417211822390081e+00 2.772657902392933749e-01
1.009277373282476242e+00 2.233246039534516891e-01
1.009136608958847381e+00 2.594285646889320507e-01
1.008994933712773934e+00 2.425363049855055464e-01
1.008852362489470966e+00 2.402004450169937522e-01
1.008708910316290286e+00 2.637468232764338949e-01
1.008564592300907670e+00 2.227746549355281158e-01
1.008419423629506317e+00 2.834036370513838832e-01
1.008273419564954976e+00 2.101154986301469185e-01
1.008126595444983398e+00 2.970792323158363279e-01
1.007978966680353139e+00 2.045639913672242793e-01
1.007830548753026356e+00 3.007844988202830749e-01
1.007681357214329720e+00 2.076549512375109874e-01
1.007531407683117664e+00 2.927519101603442420e-01
1.007380715843932295e+00 2.199015161651400596e-01
1.007229297445160654e+00 2.746971523991835196e-01
1.007077168297191294e+00 2.402307461498459085e-01
1.006924344270568872e+00 2.515815501202811610e-01
1.006770841294146512e+00 2.650933795305168705e-01
1.006616675353240176e+00 2.298763363338001131e-01
1.006461862487778136e+00 2.880340348241564596e-01
1.006306418790453794e+00 2.154657592361672036e-01
1.006150360404876487e+00 3.010786876664498513e-01
1.005993703523722305e+00 2.123715888101602167e-01
1.005836464386887119e+00 2.984330769328935595e-01
1.005678659279638287e+00 2.223136147856961398e-01
1.005520304530768572e+00 2.804541972073673617e-01
1.005361416510750283e+00 2.440469736318071070e-01
1.005202011629892533e+00 2.543435140970496944e-01
1.005042106336499153e+00 2.719200505585064875e-01
1.004881717115028161e+00 2.305342716323411090e-01
1.004720860484254352e+00 2.953898453782939915e-01
1.004559552995434979e+00 2.179600418779224780e-01
1.004397811230476778e+00 3.028104266709436554e-01
1.004235651800106544e+00 2.215725281925313428e-01
1.004073091342046142e+00 2.893255626336947439e-01
1.003910146519188640e+00 2.415139703484727174e-01
1.003746834017780643e+00 2.618228161506649387e-01
1.003583170545607528e+00 2.713998459559500143e-01
1.003419172830182005e+00 2.347608158437432813e-01
1.003254857616939333e+00 2.971645911443949184e-01
1.003090241667434546e+00 2.212936830384219788e-01
1.002925341757546995e+00 3.028686530461778270e-01
1.002760174675688232e+00 2.280932879688432890e-01
1.002594757221015875e+00 2.837059547215112221e-01
1.002429106201653930e+00 2.537452405778762854e-01
1.002263238432915982e+00 2.521542508988535713e-01
1.002097170735538612e+00 2.862235877124589267e-01
1.001930919933916364e+00 2.280806890556229538e-01
1.001764502854346928e+00 3.043892127011456061e-01
1.001597936323279869e+00 2.254061379839694956e-01
1.001431237165574695e+00 2.932632401956174473e-01
1.001264422202762905e+00 2.469671091986935796e-01
1.001097508251320267e+00 2.609483568628573891e-01
1.000930512120943527e+00 2.817494150118668994e-01
1.000763450612836891e+00 2.320109169118577674e-01
1.000596340518003835e+00 3.045752161461004470e-01
1.000429198615549353e+00 2.264048528691093298e-01
1.000262041670987534e+00 2.943181799517448072e-01
1.000094886434558683e+00 2.490789965335538925e-01
9.999277496395548859e-01 2.594241285353867665e-01
9.997606480006528962e-01 2.861883974400336594e-01
9.995935982122566843e-01 2.302940832099144020e-01
9.994266169468483119e-01 3.060824425870333210e-01
9.992597208533470221e-01 2.298670753247507303e-01
9.990929265554786554e-01 2.872256365560380553e-01
9.989262506501529471e-01 2.602132188910050714e-01
9.987597097058508178e-01 2.482253220588320208e-01
9.985933202610211001e-01 2.977485795692971227e-01
9.984270988224858145e-01 2.262863252230163102e-01
9.982610618638571021e-01 3.032766531313421665e-01
9.980952258239610408e-01 2.407825605884779396e-01
9.979296071052746742e-01 2.686196720155245576e-01
9.977642220723702549e-01 2.815819649913275380e-01
9.975990870503707031e-01 2.320943280950659715e-01
9.974342183234164994e-01 3.072652709048311337e-01
9.972696321331397940e-01 2.302107033637981470e-01
9.971053446771523943e-01 2.845450115773907607e-01
9.969413721075423007e-01 2.666365607823988348e-01
9.967777305293802348e-01 2.406929871554999156e-01
9.966144359992398227e-01 3.047421612486201914e-01
9.964515045237249957e-01 2.256901209384010454e-01
9.962889520580106018e-01 2.943098476452992163e-01
9.961267945043926764e-01 2.562475219408015259e-01
9.959650477108514810e-01 2.476349142462733466e-01
9.958037274696233121e-01 3.010650095265871573e-01
9.956428495157850778e-01 2.238550966748042159e-01
9.954824295258499767e-01 2.990266080862047926e-01
9.953224831163732800e-01 2.507126837104860506e-01
9.951630258425718800e-01 2.506465108170408129e-01
9.950040731969521657e-01 2.993910829895965464e-01
9.948456406079517755e-01 2.224786366158617856e-01
9.946877434385921202e-01 3.000224709891720631e-01
9.945303969851421177e-01 2.497334907691594053e-01
9.943736164757939200e-01 2.488301876544703195e-01
9.942174170693506285e-01 3.009151530274760122e-01
9.940618138539242254e-01 2.209031639818670179e-01
9.939068218456483805e-01 2.974280740125812561e-01
9.937524559873984753e-01 2.535474118828724976e-01
9.935987311475281691e-01 2.421249317490030695e-01
9.934456621186144032e-01 3.051834817212766282e-01
9.932932636162155049e-01 2.201397647889494213e-01
9.931415502776422821e-01 2.898873666136733696e-01
9.929905366607385542e-01 2.629873048851645301e-01
9.928402372426754496e-01 2.315351133124008698e-01
9.926906664187578055e-01 3.096764355456516626e-01
9.925418385012411138e-01 2.228755135232456108e-01
9.923937677181616790e-01 2.753797334928160256e-01
9.922464682121783230e-01 2.784428192196223284e-01
9.920999540394263017e-01 2.199803120489922381e-01
9.919542391683825455e-01 3.091011118108721867e-01
9.918093374787438909e-01 2.330759272780030256e-01
9.916652627603166348e-01 2.534751507242069546e-01
9.915220287119187459e-01 2.973421363702048459e-01
9.913796489402927348e-01 2.129819318643315640e-01
9.912381369590324010e-01 2.963634167671101993e-01
9.910975061875202385e-01 2.542501960508094516e-01
9.909577699498770542e-01 2.283916927587064383e-01
9.908189414739241307e-01 3.107560432799634231e-01
9.906810338901566038e-01 2.181337733309373639e-01
9.905440602307296061e-01 2.678828413792243013e-01
9.904080334284549592e-01 2.846728805848496857e-01
9.902729663158119644e-01 2.101567453241618977e-01
9.901388716239679644e-01 3.040485315558334456e-01
9.900057619818116716e-01 2.421380417553000708e-01
9.898736499149990431e-01 2.312984291095933620e-01
9.897425478450095904e-01 3.096962961421535487e-01
9.896124680882153468e-01 2.117034640066508266e-01
9.894834228549619359e-01 2.696088930598933842e-01
9.893554242486598538e-01 2.822068639610301743e-01
9.892284842648900733e-01 2.057531016764501675e-01
9.891026147905185306e-01 3.032750655380423987e-01
9.889778276028240445e-01 2.423035403302790103e-01
9.888541343686375606e-01 2.237624670535602878e-01
9.887315466434921651e-01 3.119415028758006914e-01
9.886100758707865310e-01 2.115006456917181976e-01
9.884897333809569142e-01 2.574670745466259292e-01
9.883705303906643591e-01 2.919000480256324082e-01
9.882524780019891208e-01 1.997201743020539377e-01
9.881355872016412967e-01 2.921999082869686237e-01
9.880198688601781187e-01 2.564406310741262351e-01
9.879053337312357908e-01 2.077517480847070885e-01
9.877919924507713167e-01 3.119518945613945493e-01
9.876798555363158760e-01 2.225017140246533243e-01
9.875689333862395225e-01 2.316130447371325674e-01
9.874592362790263200e-01 3.084068133213020424e-01
9.873507743725614683e-01 2.005088616654684686e-01
9.872435577034293086e-01 2.636648526328702613e-01
9.871375961862214332e-01 2.851409219597703659e-01
9.870328996128580057e-01 1.936569840137495890e-01
9.869294776519168533e-01 2.935349589170876961e-01
9.868273398479764369e-01 2.530316890149988396e-01
9.867264956209673699e-01 2.010980158293742548e-01
9.866269542655363711e-01 3.114750454848099204e-01
9.865287249504200995e-01 2.227228392097376219e-01
9.864318167178298680e-01 2.200194216583822304e-01
9.863362384828466833e-01 3.125096111170724833e-01
9.862419990328280539e-01 2.005800473850140320e-01
9.861491070268235681e-01 2.460856551329605457e-01
9.860575709950023526e-01 2.980004307331432511e-01
9.859673993380909662e-01 1.888185848770061459e-01
9.858786003268196207e-01 2.736871933147655978e-01
9.857911821013832787e-01 2.737028649259104496e-01
9.857051526709068590e-01 1.872304614446140547e-01
9.856205199129265404e-01 2.969638103201124313e-01
9.855372915728778382e-01 2.463675414787244167e-01
9.854554752635946713e-01 1.945443150357155648e-01
9.853750784648187544e-01 3.113607794772359494e-01
9.852961085227189830e-01 2.212586037541701134e-01
9.852185726494210316e-01 2.089804852908541399e-01
9.851424779225457229e-01 3.148109178230766303e-01
9.850678312847598317e-01 2.013743878962716560e-01
9.849946395433339941e-01 2.283500876400937074e-01
9.849229093697123849e-01 3.079028612966877576e-01
9.848526472990907221e-01 1.878321356955648669e-01
9.847838597300058172e-01 2.501151664020999088e-01
9.847165529239327864e-01 2.931184591500989867e-01
9.846507330048938078e-01 1.806062330055951959e-01
9.845864059590748729e-01 2.716087841705922545e-01
9.845235776344531953e-01 2.737021179261516224e-01
9.844622537404339457e-01 1.791336030832811343e-01
9.844024398474956472e-01 2.903899796830247682e-01
9.843441413868470047e-01 2.527091840458824956e-01
9.842873636500898415e-01 1.826577047276761734e-01
9.842321117888954696e-01 3.045945005611714884e-01
9.841783908146870541e-01 2.324826445996535096e-01
9.841262055983329704e-01 1.903672597385217546e-01
9.840755608698488199e-01 3.131495288921811726e-01
9.840264612181082171e-01 2.145284651642334617e-01
9.839789110905649006e-01 2.014271837088290051e-01
9.839329147929807284e-01 3.157986902878144320e-01
9.838884764891661083e-01 1.996339883505855728e-01
9.838456002007263113e-01 2.149762038745244574e-01
9.838042898068192210e-01 3.129662886829125967e-01
9.837645490439216323e-01 1.880763868283142626e-01
9.837263815056037641e-01 2.301299374677182041e-01
9.836897906423127669e-01 3.055349676842065709e-01
9.836547797611665533e-01 1.798242926287043630e-01
9.836213520257550691e-01 2.460006211495313622e-01
9.835895104559500002e-01 2.946129459151889951e-01
9.835592579277262493e-01 1.746914100661202396e-01
9.835305971729884078e-01 2.617294038827334690e-01
9.835035307794088855e-01 2.813425497282873722e-01
9.834780611902730341e-01 1.724362139171502772e-01
9.834541907043350406e-01 2.765219064664494186e-01
9.834319214756799266e-01 2.667715670264283467e-01
9.834112555135963163e-01 1.728175407628209648e-01
9.833921946824575322e-01 2.896787637505080504e-01
9.833747407016106834e-01 2.517859259796116911e-01
9.833588951452747473e-01 1.756193706888153905e-01
9.833446594424486431e-01 3.006165761455470986e-01
9.833320348768245234e-01 2.370901263171306117e-01
9.833210225867140553e-01 1.806560215870597341e-01
9.833116235649801418e-01 3.088786234538886122e-01
9.833038386589785240e-01 2.232187676445044067e-01
9.832976685705077102e-01 1.877653704992393313e-01
9.832931138557676753e-01 3.141375140963701407e-01
9.832901749253271095e-01 2.105646610757900827e-01
9.832888520440992153e-01 1.967944357242441822e-01
