# num_bin  t_k  T_k^day  T_k^night
0   21.6   9.0   11.4
0   22.5   8.8   15.2
0   23.2   2.9   7.7
1   25.5   8.1   15.5
1   26.5   7.9   16.1
1   27.5   7.7   16.3
1   28.5   7.4   16.6
1   29.0   0.0   1.2
2   37.8   0.0   9.3
2   38.5   4.9   19.1
2   39.5   4.6   19.4
2   40.2   0.0   9.2
3   40.7   4.3   10.1
3   41.5   4.0   20.0
3   42.5   3.6   20.4
3   43.5   3.2   20.8
3   44.5   2.7   21.3
3   45.5   2.2   21.6
4   46.7   1.5   13.7
4   47.5   -24.0   48.0
4   48.5   -24.0   48.0
4   49.5   -24.0   48.0
4   50.0   0.0   0.9
5   51.6   -24.0   45.2
5   52.5   -24.0   48.0
5   53.5   -24.0   48.0
5   54.5   -24.0   48.0
5   55.3   0.0   16.0
6   56.7   -24.0   36.8
6   57.5   -24.0   48.0
6   58.5   -24.0   48.0
6   59.5   -24.0   48.0
6   60.5   -24.0   48.0
6   61.1   0.0   7.1
7   61.7   -24.0   37.1
7   62.5   -24.0   48.0
7   63.5   -24.0   48.0
7   64.5   -24.0   48.0
7   65.5   -24.0   48.0
7   66.1   0.0   7.1
8   66.7   -24.0   40.6
8   67.5   -24.0   48.0
8   68.5   -24.0   48.0
8   69.5   -24.0   48.0
8   70.5   -24.0   48.0
8   71.0   0.0   1.6
9   71.5   -24.0   46.2
9   72.5   -24.0   48.0
9   73.5   -24.0   48.0
9   74.5   -24.0   48.0
9   75.5   -24.0   48.0
9   76.0   0.0   1.7
10   77.5   -24.0   45.8
10   78.5   -24.0   48.0
10   79.5   -24.0   48.0
10   80.5   -24.0   48.0
10   81.0   0.0   1.0
11   81.6   -24.0   45.5
11   82.5   -24.0   48.0
11   83.5   -24.0   48.0
11   84.5   -24.0   48.0
11   85.5   -24.0   48.0
11   86.2   0.0   9.4
12   87.6   -24.0   44.7
12   88.5   -24.0   48.0
12   89.5   -24.0   48.0
12   90.5   -24.0   48.0
12   91.0   0.0   1.4
13   91.5   -24.0   46.2
13   92.5   -24.0   48.0
13   93.5   -24.0   48.0
13   94.5   -24.0   48.0
13   95.0   0.0   0.2
14   96.6   -24.0   44.1
14   97.5   -24.0   48.0
14   98.5   -24.0   48.0
14   99.5   -24.0   48.0
14   100.5   -24.0   48.0
14   101.0   0.0   1.4
15   102.7   -24.0   37.1
15   103.5   -24.0   48.0
15   104.5   -24.0   48.0
15   105.5   -24.0   48.0
15   106.5   -24.0   48.0
15   107.2   0.0   12.0
16   107.8   -24.0   35.7
16   108.5   -24.0   48.0
16   109.5   -24.0   48.0
16   110.5   -24.0   48.0
16   111.5   -24.0   48.0
16   112.1   0.0   2.7
17   112.6   -24.0   45.0
17   113.5   -24.0   48.0
17   114.5   -24.0   48.0
17   115.5   -24.0   48.0
17   116.5   -24.0   48.0
17   117.2   0.0   8.9
18   117.7   -24.0   38.5
18   118.5   -24.0   48.0
18   119.5   -24.0   48.0
18   120.5   -24.0   48.0
18   121.5   -24.0   48.0
18   122.1   0.0   3.1
19   122.7   -24.0   38.2
19   123.5   -24.0   48.0
19   124.5   -24.0   48.0
19   125.5   -24.0   48.0
19   126.5   -24.0   48.0
19   127.0   0.0   1.3
20   128.6   -24.0   42.4
20   129.5   -24.0   48.0
20   130.5   -24.0   48.0
20   131.2   0.0   8.2
21   132.7   -24.0   38.9
21   133.5   -24.0   48.0
21   134.5   -24.0   48.0
21   135.5   -24.0   48.0
21   136.5   -24.0   48.0
21   137.5   0.0   22.9
22   138.5   -24.0   46.8
22   139.5   -24.0   48.0
22   140.5   -24.0   48.0
22   141.5   -24.0   48.0
22   142.5   -24.0   48.0
22   143.0   0.0   1.9
23   143.5   -24.0   46.1
23   144.5   -24.0   48.0
23   145.5   -24.0   48.0
23   146.5   -24.0   48.0
23   147.5   0.0   22.5
24   148.0   -24.0   25.5
24   148.5   1.5   22.5
24   149.5   2.2   21.8
24   150.5   2.7   21.3
24   151.1   0.0   4.2
25   154.7   3.2   9.8
25   155.5   4.6   19.4
25   156.5   4.9   19.1
25   157.5   5.2   18.8
25   158.0   0.0   1.5
26   158.6   5.5   13.1
26   159.5   5.8   18.2
26   160.5   6.0   18.0
26   161.5   6.3   17.7
26   162.5   6.5   17.0
27   163.6   6.8   10.7
27   164.5   7.0   17.0
27   165.5   7.2   16.8
27   166.4   7.4   13.2
28   166.9   0.0   3.1
28   167.5   7.7   16.3
28   168.5   7.9   16.1
28   169.5   8.1   15.9
28   170.5   8.4   14.8
29   172.6   8.8   12.1
29   173.5   9.0   15.0
29   174.5   9.2   14.8
29   175.5   9.4   14.6
29   176.0   0.0   0.9
30   179.7   9.4   6.9
30   180.3   6.7   6.8
31   181.8   3.8   6.7
31   182.5   10.8   13.2
31   183.5   11.0   13.0
31   184.5   11.2   12.8
31   185.5   11.4   12.2
32   186.6   11.6   10.0
32   187.5   11.8   12.2
32   188.5   12.0   12.0
32   189.5   12.1   11.9
32   190.5   12.3   11.7
32   191.3   7.2   5.7
33   191.8   5.2   5.7
33   192.5   12.8   11.2
33   193.5   13.0   11.0
33   194.5   13.2   10.8
33   195.5   13.3   10.7
33   196.5   13.5   10.5
33   197.2   3.4   5.1
34   197.7   10.2   5.1
34   198.5   13.9   10.1
34   199.5   14.1   9.9
34   200.5   14.4   9.6
34   201.3   11.6   4.7
35   201.8   2.7   4.7
35   202.5   14.7   9.3
35   203.5   14.9   9.1
35   204.5   15.2   8.8
35   205.5   15.4   8.6
35   206.5   15.6   8.4
35   207.1   0.0   3.8
36   207.6   15.7   4.1
36   208.5   16.0   8.0
36   209.5   16.2   7.8
36   210.5   16.5   7.5
36   211.5   16.7   7.3
36   212.2   4.5   3.6
37   212.7   11.9   3.6
37   213.5   17.1   6.9
37   214.5   17.4   6.6
37   215.5   17.6   6.4
37   216.5   17.9   6.1
37   217.1   2.8   2.9
38   217.6   15.3   2.9
38   218.5   18.4   5.6
38   219.5   18.7   5.3
38   220.5   19.0   5.0
38   221.2   9.3   2.4
39   222.7   10.1   2.2
39   223.5   19.9   4.1
39   224.5   20.2   3.8
39   225.5   20.6   3.4
39   226.5   21.0   3.0
39   227.0   0.0   1.1
40   228.5   21.5   1.0
40   229.5   22.9   1.1
40   230.5   24.0   0.0
40   231.5   24.0   0.0
40   232.1   6.3   0.0
41   233.5   22.1   0.0
41   234.5   24.0   0.0
41   235.5   24.0   0.0
41   236.5   24.0   0.0
41   237.1   3.6   0.0
42   237.6   20.3   0.0
42   238.5   24.0   0.0
42   239.5   24.0   0.0
42   240.0   1.6   0.0
43   242.6   17.3   0.0
43   243.5   24.0   0.0
43   244.5   24.0   0.0
43   245.5   24.0   0.0
43   246.5   24.0   0.0
43   247.1   3.9   0.0
44   247.7   15.9   0.0
44   248.3   12.9   0.0
45   252.8   8.1   0.0
45   253.5   24.0   0.0
45   254.5   24.0   0.0
45   255.5   24.0   0.0
45   256.5   24.0   0.0
45   257.5   24.0   0.0
45   258.1   3.9   0.0
46   258.6   19.6   0.0
46   259.5   24.0   0.0
46   260.5   24.0   0.0
46   261.5   24.0   0.0
46   262.3   14.8   0.0
47   264.5   22.4   0.0
47   265.5   24.0   0.0
47   266.0   1.5   0.0
48   268.5   21.7   0.0
48   269.5   24.0   0.0
48   270.5   24.0   0.0
48   271.5   24.0   0.0
48   272.5   24.0   0.0
48   273.0   0.5   0.0
49   273.5   22.8   0.0
49   274.5   24.0   0.0
49   275.5   24.0   0.0
49   276.5   24.0   0.0
49   277.0   0.9   0.0
50   278.5   22.0   0.0
50   279.5   24.0   0.0
50   280.5   24.0   0.0
50   281.5   24.0   0.0
51   283.7   14.6   0.0
51   284.5   24.0   0.0
51   285.5   24.0   0.0
51   286.5   24.0   0.0
51   287.5   24.0   0.0
51   288.5   24.0   0.0
51   289.0   2.3   0.0
52   289.6   17.1   0.0
52   290.5   24.0   0.0
52   291.5   24.0   0.0
52   292.2   10.8   0.0
53   293.7   13.1   0.0
53   294.5   24.0   0.0
53   295.5   24.0   0.0
53   296.5   24.0   0.0
53   297.5   24.0   0.0
53   298.1   5.9   0.0
54   298.6   18.1   0.0
54   299.5   24.0   0.0
54   300.5   24.0   0.0
54   301.5   24.0   0.0
54   302.5   24.0   0.0
54   303.0   0.8   0.0
55   303.6   16.9   0.0
55   304.5   24.0   0.0
55   305.5   24.0   0.0
55   306.5   24.0   0.0
55   307.4   21.1   0.0
56   307.9   2.9   0.0
56   308.5   24.0   0.0
56   309.5   24.0   0.0
56   310.5   24.0   0.0
56   311.5   24.0   0.0
56   312.1   2.5   0.0
57   312.8   8.2   0.0
57   313.5   24.0   0.0
57   314.5   24.0   0.0
57   315.1   5.1   0.0
58   329.7   14.1   0.0
58   330.5   23.2   0.8
58   331.5   22.2   1.8
58   332.5   21.6   2.4
58   333.5   21.1   2.9
58   334.1   4.7   1.7
59   334.6   15.9   1.7
59   335.5   20.3   3.7
59   336.5   20.0   4.0
59   337.5   19.6   4.4
59   338.0   0.0   0.5
60   339.6   17.3   2.5
60   340.5   18.7   5.3
60   341.5   18.4   5.6
60   342.5   18.2   5.8
60   343.0   0.0   1.7
61   344.8   6.4   3.2
61   345.5   17.4   6.6
61   346.5   17.2   6.8
61   347.5   16.9   7.1
61   348.5   16.7   7.3
61   349.5   16.5   7.5
61   350.0   0.0   1.2
62   350.6   16.3   4.5
62   351.5   16.1   7.9
62   352.5   15.8   8.2
62   353.5   15.6   8.4
62   354.5   15.4   8.6
62   355.0   0.0   0.5
63   356.5   15.0   8.4
63   357.5   14.8   9.2
63   358.5   14.6   9.4
63   359.5   14.4   9.6
63   360.1   0.0   4.5
64   360.6   14.2   5.3
64   361.5   14.0   10.0
64   362.5   13.8   10.2
64   363.5   13.6   10.4
64   364.5   13.4   10.6
64   365.0   0.0   0.7
65   365.7   11.3   5.4
65   366.5   13.0   11.0
65   367.5   12.8   11.2
65   368.5   12.6   11.4
65   369.5   12.4   11.6
65   370.1   1.1   5.9
66   370.7   10.9   5.9
66   371.5   12.0   12.0
66   372.5   11.8   12.2
66   373.5   11.6   12.4
66   374.4   10.6   6.3
67   375.5   11.2   10.8
67   376.5   11.0   13.0
67   377.5   10.8   13.2
67   378.5   10.7   13.3
67   379.5   10.5   13.5
67   380.4   10.2   10.3
68   381.5   10.0   13.6
68   382.5   9.8   14.2
68   383.5   9.6   14.4
68   384.3   8.2   7.3
