# num_bin  t_k  T_k^day  T_k^night
0   21.0   11.4   9.0
0   22.0   11.4   12.6
0   23.0   4.3   6.3
1   25.0   11.3   12.3
1   26.0   11.2   12.8
1   27.0   11.2   12.8
1   28.0   11.2   12.8
1   29.0   0.0   1.2
2   37.0   2.7   6.6
2   38.0   10.8   13.2
2   39.0   10.8   13.2
2   40.0   2.5   6.6
3   40.0   7.8   6.6
3   41.0   10.7   13.3
3   42.0   10.7   13.3
3   43.0   10.6   13.4
3   44.0   10.6   13.4
3   45.0   10.6   13.3
4   46.0   8.5   6.7
4   47.0   10.5   13.5
4   48.0   10.5   13.5
4   49.0   10.4   13.6
4   50.0   0.0   0.9
5   51.0   10.4   10.8
5   52.0   10.3   13.7
5   53.0   10.3   13.7
5   54.0   10.3   13.7
5   55.0   9.1   6.9
6   56.0   6.0   6.9
6   57.0   10.2   13.8
6   58.0   10.2   13.8
6   59.0   10.1   13.9
6   60.0   10.1   13.9
6   61.0   0.1   7.0
7   61.0   6.1   7.0
7   62.0   10.1   13.9
7   63.0   10.0   14.0
7   64.0   10.0   14.0
7   65.0   10.0   14.0
7   66.0   0.1   7.0
8   66.0   9.6   7.0
8   67.0   9.9   14.1
8   68.0   9.9   14.1
8   69.0   9.9   14.1
8   70.0   9.9   14.1
8   71.0   0.0   1.6
9   71.0   9.8   12.4
9   72.0   9.8   14.2
9   73.0   9.8   14.2
9   74.0   9.8   14.2
9   75.0   9.8   14.2
9   76.0   0.0   1.7
10   77.0   9.7   12.1
10   78.0   9.7   14.3
10   79.0   9.7   14.3
10   80.0   9.7   14.3
10   81.0   0.0   1.0
11   81.0   9.7   11.8
11   82.0   9.7   14.3
11   83.0   9.6   14.4
11   84.0   9.6   14.4
11   85.0   9.6   14.4
11   86.0   2.2   7.2
12   87.0   9.6   11.1
12   88.0   9.6   14.4
12   89.0   9.6   14.4
12   90.0   9.6   14.4
12   91.0   0.0   1.4
13   91.0   9.6   12.6
13   92.0   9.6   14.4
13   93.0   9.6   14.4
13   94.0   9.6   14.4
13   95.0   0.0   0.2
14   96.0   9.6   10.5
14   97.0   9.6   14.4
14   98.0   9.6   14.4
14   99.0   9.6   14.4
14   100.0   9.6   14.4
14   101.0   0.0   1.4
15   102.0   5.9   7.2
15   103.0   9.6   14.4
15   104.0   9.6   14.4
15   105.0   9.6   14.4
15   106.0   9.6   14.4
15   107.0   4.8   7.2
16   107.0   4.5   7.2
16   108.0   9.6   14.4
16   109.0   9.6   14.4
16   110.0   9.6   14.4
16   111.0   9.6   14.4
16   112.0   0.0   2.7
17   112.0   9.7   11.3
17   113.0   9.7   14.3
17   114.0   9.7   14.3
17   115.0   9.7   14.3
17   116.0   9.7   14.3
17   117.0   1.8   7.1
18   117.0   7.4   7.1
18   118.0   9.7   14.3
18   119.0   9.8   14.2
18   120.0   9.8   14.2
18   121.0   9.8   14.2
18   122.0   0.0   3.1
19   122.0   7.1   7.1
19   123.0   9.8   14.2
19   124.0   9.9   14.1
19   125.0   9.9   14.1
19   126.0   9.9   14.1
19   127.0   0.0   1.3
20   128.0   10.0   8.5
20   129.0   10.0   14.0
20   130.0   10.0   14.0
20   131.0   1.2   7.0
21   132.0   8.0   7.0
21   133.0   10.1   13.9
21   134.0   10.1   13.9
21   135.0   10.1   13.9
21   136.0   10.2   13.8
21   137.0   10.2   12.7
22   138.0   10.2   12.6
22   139.0   10.3   13.7
22   140.0   10.3   13.7
22   141.0   10.3   13.7
22   142.0   10.3   13.7
22   143.0   0.0   1.9
23   143.0   10.4   11.7
23   144.0   10.4   13.6
23   145.0   10.4   13.6
23   146.0   10.5   13.5
23   147.0   10.5   12.0
24   147.0   0.0   1.5
24   148.0   10.5   13.5
24   149.0   10.6   13.4
24   150.0   10.6   13.4
24   151.0   0.0   4.2
25   154.0   6.4   6.6
25   155.0   10.8   13.2
25   156.0   10.8   13.2
25   157.0   10.8   13.2
25   158.0   0.0   1.5
26   158.0   10.9   7.7
26   159.0   10.9   13.1
26   160.0   10.9   13.1
26   161.0   11.0   13.0
26   162.0   11.0   12.5
27   163.0   11.0   6.5
27   164.0   11.1   12.9
27   165.0   11.1   12.9
27   166.0   11.2   9.5
28   166.0   0.0   3.1
28   167.0   11.2   12.8
28   168.0   11.2   12.8
28   169.0   11.3   12.7
28   170.0   11.3   11.8
29   172.0   11.4   9.5
29   173.0   11.4   12.6
29   174.0   11.5   12.5
29   175.0   11.5   12.5
29   176.0   0.0   0.9
30   179.0   10.1   6.2
30   180.0   7.3   6.2
31   181.0   4.3   6.1
31   182.0   11.8   12.2
31   183.0   11.8   12.2
31   184.0   11.8   12.2
31   185.0   11.9   11.7
32   186.0   11.9   9.7
32   187.0   12.0   12.0
32   188.0   12.0   12.0
32   189.0   12.0   12.0
32   190.0   12.1   11.9
32   191.0   7.0   5.9
33   191.0   5.0   5.9
33   192.0   12.2   11.8
33   193.0   12.2   11.8
33   194.0   12.2   11.8
33   195.0   12.3   11.7
33   196.0   12.3   11.7
33   197.0   2.7   5.8
34   197.0   9.5   5.8
34   198.0   12.4   11.6
34   199.0   12.4   11.6
34   200.0   12.5   11.5
34   201.0   10.6   5.8
35   201.0   1.6   5.8
35   202.0   12.5   11.5
35   203.0   12.6   11.4
35   204.0   12.6   11.4
35   205.0   12.6   11.4
35   206.0   12.7   11.3
35   207.0   0.0   3.8
36   207.0   12.7   7.1
36   208.0   12.8   11.2
36   209.0   12.8   11.2
36   210.0   12.8   11.2
36   211.0   12.9   11.1
36   212.0   2.5   5.6
37   212.0   9.9   5.6
37   213.0   12.9   11.1
37   214.0   13.0   11.0
37   215.0   13.0   11.0
37   216.0   13.0   11.0
37   217.0   0.3   5.5
38   217.0   12.7   5.5
38   218.0   13.1   10.9
38   219.0   13.1   10.9
38   220.0   13.2   10.8
38   221.0   6.2   5.4
39   222.0   6.9   5.4
39   223.0   13.3   10.7
39   224.0   13.3   10.7
39   225.0   13.4   10.6
39   226.0   13.4   10.6
39   227.0   0.0   1.1
40   228.0   13.5   9.0
40   229.0   13.5   10.5
40   230.0   13.5   10.5
40   231.0   13.6   10.4
40   232.0   1.1   5.2
41   233.0   13.6   8.5
41   234.0   13.7   10.3
41   235.0   13.7   10.3
41   236.0   13.7   10.3
41   237.0   0.0   3.6
42   237.0   13.7   6.6
42   238.0   13.8   10.2
42   239.0   13.8   10.2
42   240.0   0.0   1.6
43   242.0   12.2   5.1
43   243.0   13.9   10.1
43   244.0   13.9   10.1
43   245.0   14.0   10.0
43   246.0   14.0   10.0
43   247.0   0.0   3.9
44   247.0   10.9   5.0
44   248.0   7.9   5.0
45   252.0   3.1   4.9
45   253.0   14.2   9.8
45   254.0   14.2   9.8
45   255.0   14.2   9.8
45   256.0   14.2   9.8
45   257.0   14.2   9.8
45   258.0   0.0   3.9
46   258.0   14.3   5.3
46   259.0   14.3   9.7
46   260.0   14.3   9.7
46   261.0   14.3   9.7
46   262.0   10.0   4.8
47   264.0   14.3   8.1
47   265.0   14.4   9.6
47   266.0   0.0   1.5
48   268.0   14.4   7.3
48   269.0   14.4   9.6
48   270.0   14.4   9.6
48   271.0   14.4   9.6
48   272.0   14.4   9.6
48   273.0   0.0   0.5
49   273.0   14.4   8.3
49   274.0   14.4   9.6
49   275.0   14.4   9.6
49   276.0   14.4   9.6
49   277.0   0.0   0.9
50   278.0   14.5   7.5
50   279.0   14.5   9.5
50   280.0   14.5   9.5
50   281.0   14.5   9.5
51   283.0   9.8   4.8
51   284.0   14.4   9.6
51   285.0   14.4   9.6
51   286.0   14.4   9.6
51   287.0   14.4   9.6
51   288.0   14.4   9.6
51   289.0   0.0   2.3
52   289.0   12.3   4.8
52   290.0   14.4   9.6
52   291.0   14.4   9.6
52   292.0   6.0   4.8
53   293.0   8.3   4.8
53   294.0   14.4   9.6
53   295.0   14.3   9.7
53   296.0   14.3   9.7
53   297.0   14.3   9.7
53   298.0   1.0   4.8
54   298.0   13.2   4.8
54   299.0   14.3   9.7
54   300.0   14.3   9.7
54   301.0   14.3   9.7
54   302.0   14.2   9.8
54   303.0   0.0   0.8
55   303.0   12.0   4.9
55   304.0   14.2   9.8
55   305.0   14.2   9.8
55   306.0   14.2   9.8
55   307.0   14.1   6.9
56   307.0   0.0   2.9
56   308.0   14.1   9.9
56   309.0   14.1   9.9
56   310.0   14.1   9.9
56   311.0   14.0   10.0
56   312.0   0.0   2.5
57   312.0   3.2   5.0
57   313.0   14.0   10.0
57   314.0   14.0   10.0
57   315.0   0.1   5.0
58   329.0   8.8   5.2
58   330.0   13.5   10.5
58   331.0   13.5   10.5
58   332.0   13.4   10.6
58   333.0   13.4   10.6
58   334.0   1.0   5.3
59   334.0   12.3   5.3
59   335.0   13.3   10.7
59   336.0   13.3   10.7
59   337.0   13.3   10.7
59   338.0   0.0   0.5
60   339.0   13.2   6.6
60   340.0   13.2   10.8
60   341.0   13.1   10.9
60   342.0   13.1   10.9
60   343.0   0.0   1.7
61   344.0   4.1   5.5
61   345.0   13.0   11.0
61   346.0   12.9   11.1
61   347.0   12.9   11.1
61   348.0   12.9   11.1
61   349.0   12.8   11.2
61   350.0   0.0   1.2
62   350.0   12.8   7.9
62   351.0   12.8   11.2
62   352.0   12.7   11.3
62   353.0   12.7   11.3
62   354.0   12.6   11.4
62   355.0   0.0   0.5
63   356.0   12.6   10.8
63   357.0   12.5   11.5
63   358.0   12.5   11.5
63   359.0   12.5   11.5
63   360.0   0.0   4.5
64   360.0   12.4   7.0
64   361.0   12.4   11.6
64   362.0   12.3   11.7
64   363.0   12.3   11.7
64   364.0   12.3   11.7
64   365.0   0.0   0.7
65   365.0   10.8   5.9
65   366.0   12.2   11.8
65   367.0   12.2   11.8
65   368.0   12.1   11.9
65   369.0   12.1   11.9
65   370.0   1.0   6.0
66   370.0   10.8   6.0
66   371.0   12.0   12.0
66   372.0   12.0   12.0
66   373.0   11.9   12.1
66   374.0   10.8   6.1
67   375.0   11.8   10.2
67   376.0   11.8   12.2
67   377.0   11.8   12.2
67   378.0   11.7   12.3
67   379.0   11.7   12.3
67   380.0   11.7   8.8
68   381.0   11.6   12.0
68   382.0   11.6   12.4
68   383.0   11.5   12.5
68   384.0   9.3   6.2
69   384.0   2.0   6.2
69   385.0   11.5   12.5
69   386.0   11.4   12.6
69   387.0   11.4   12.6
69   388.0   11.4   12.6
69   389.0   11.3   12.7
69   390.0   0.0   1.5
70   390.0   11.3   9.3
70   391.0   11.2   12.8
70   392.0   11.2   12.8
70   393.0   11.2   12.8
70   394.0   11.1   12.9
70   395.0   0.0   5.1
71   395.0   10.4   6.4
71   396.0   11.1   12.9
71   397.0   11.0   13.0
71   398.0   11.0   13.0
71   399.0   9.2   6.5
72   399.0   1.5   6.5
72   400.0   10.9   13.1
72   401.0   10.9   13.1
72   402.0   10.9   13.1
72   403.0   10.8   13.2
72   404.0   10.8   13.2
72   405.0   7.1   6.6
73   405.0   3.4   6.6
73   406.0   10.7   13.3
73   407.0   10.7   13.3
73   408.0   10.6   13.4
73   409.0   10.6   13.4
73   410.0   10.6   13.4
73   411.0   0.0   0.2
74   411.0   10.5   13.0
74   412.0   10.5   13.5
74   413.0   10.5   13.5
74   414.0   10.4   13.6
74   415.0   10.4   10.5
75   415.0   0.0   2.8
75   416.0   10.4   13.6
75   417.0   10.3   13.7
75   418.0   10.3   13.7
75   419.0   10.3   13.7
75   420.0   10.3   7.6
76   420.0   0.0   5.8
76   421.0   10.2   13.8
76   422.0   10.2   13.8
76   423.0   10.2   13.8
76   424.0   10.1   13.9
76   425.0   10.1   13.9
76   426.0   5.0   7.0
77   426.0   5.0   7.0
77   427.0   10.1   13.9
77   428.0   10.0   14.0
77   429.0   10.0   14.0
77   430.0   10.0   14.0
77   431.0   0.0   2.4
78   431.0   10.0   11.5
78   432.0   9.9   14.1
78   433.0   9.9   14.1
78   434.0   9.9   14.1
78   435.0   9.9   14.1
78   436.0   0.0   4.9
79   436.0   9.8   9.1
79   437.0   9.8   14.2
79   438.0   9.8   14.2
79   439.0   9.8   14.2
79   440.0   9.8   14.2
79   441.0   9.7   14.3
79   442.0   0.0   7.1
80   442.0   9.7   7.1
80   443.0   9.7   14.3
80   444.0   9.7   14.3
80   445.0   9.7   14.3
80   446.0   9.7   10.7
81   445.0   0.0   3.6
81   446.0   9.7   14.3
81   447.0   9.7   14.3
81   448.0   9.7   14.3
81   449.0   9.6   14.4
81   450.0   8.1   7.2
82   450.0   1.2   7.2
82   451.0   9.6   14.4
82   452.0   9.6   14.4
82   453.0   9.6   14.4
82   454.0   9.6   14.4
82   455.0   9.6   14.4
82   456.0   9.6   12.6
83   455.0   0.0   1.7
83   456.0   9.6   14.4
83   457.0   9.6   14.4
83   458.0   9.6   14.4
83   459.0   9.6   14.4
83   460.0   9.6   14.4
83   461.0   0.0   1.1
84   461.0   9.6   13.3
84   462.0   9.6   14.4
84   463.0   9.6   14.4
84   464.0   9.6   14.4
84   465.0   8.6   7.2
85   465.0   0.7   7.2
85   466.0   9.6   14.4
85   467.0   9.6   14.4
85   468.0   9.6   14.4
85   469.0   9.6   14.4
85   470.0   9.6   14.4
85   471.0   9.6   14.4
85   472.0   5.8   7.2
86   472.0   3.6   7.2
86   473.0   9.6   14.4
86   474.0   9.6   14.4
86   475.0   9.6   14.4
86   476.0   9.6   14.4
86   477.0   0.0   1.9
87   477.0   9.7   12.1
87   478.0   9.7   14.3
87   479.0   9.7   14.3
87   480.0   9.7   14.3
87   481.0   9.7   14.3
87   482.0   0.0   2.7
88   482.0   9.7   11.0
88   483.0   9.7   14.3
88   484.0   9.8   14.2
88   485.0   9.8   14.2
88   486.0   9.8   12.3
89   486.0   0.0   1.4
89   487.0   9.8   14.2
89   488.0   9.8   14.2
89   489.0   9.9   14.1
89   490.0   9.9   14.1
89   491.0   9.9   14.1
89   492.0   0.0   2.3
90   492.0   9.9   10.6
90   493.0   10.0   14.0
90   494.0   10.0   14.0
90   495.0   10.0   14.0
90   496.0   10.0   7.8
91   496.0   0.0   5.9
91   497.0   10.0   14.0
91   498.0   10.1   13.9
91   499.0   10.1   13.9
91   500.0   10.1   13.9
91   501.0   10.2   13.8
91   502.0   10.2   8.6
92   502.0   0.0   5.0
92   503.0   10.2   13.8
92   504.0   10.3   13.7
92   505.0   10.3   13.7
92   506.0   10.3   13.7
92   507.0   10.3   13.7
92   508.0   0.0   1.9
93   508.0   10.4   11.5
93   509.0   10.4   13.6
93   510.0   10.4   13.6
93   511.0   10.5   13.5
93   512.0   9.0   6.8
94   512.0   1.3   6.8
94   513.0   10.5   13.5
94   514.0   10.6   13.4
94   515.0   10.6   13.4
94   516.0   10.6   13.4
94   517.0   9.0   6.7
95   517.0   1.5   6.7
95   518.0   10.7   13.3
95   519.0   10.7   13.3
95   520.0   10.8   13.2
95   521.0   10.8   13.2
95   522.0   10.8   9.0
96   522.0   0.0   4.1
96   523.0   10.9   13.1
96   524.0   10.9   13.1
96   525.0   10.9   13.1
96   526.0   11.0   13.0
96   527.0   9.4   6.5
97   527.0   1.3   6.5
97   528.0   11.0   13.0
97   529.0   11.1   12.9
97   530.0   11.1   12.9
97   531.0   9.7   6.4
98   531.0   1.3   6.4
98   532.0   11.2   12.8
98   533.0   11.2   12.8
98   534.0   11.3   12.7
98   535.0   11.3   6.6
99   535.0   0.0   5.5
99   536.0   11.3   12.7
99   537.0   11.4   12.6
99   538.0   11.4   12.6
99   539.0   11.5   12.5
99   540.0   0.0   0.7
100   541.0   11.5   9.7
100   542.0   11.6   12.4
100   543.0   11.6   12.4
100   544.0   11.6   12.4
100   545.0   11.7   12.3
100   546.0   0.0   6.1
101   546.0   11.6   6.1
101   547.0   11.8   12.2
101   548.0   11.8   12.2
101   549.0   11.8   12.2
101   550.0   11.3   6.1
102   550.0   0.4   6.1
102   551.0   11.9   12.1
102   552.0   11.9   12.1
102   553.0   12.0   12.0
102   554.0   12.0   12.0
102   555.0   9.5   6.0
103   555.0   2.3   6.0
103   556.0   12.1   11.9
103   557.0   12.1   11.9
103   558.0   12.2   11.8
103   559.0   12.2   11.8
103   560.0   12.2   11.8
103   561.0   12.3   11.7
103   562.0   0.0   5.4
104   563.0   8.7   5.8
104   564.0   12.4   11.6
104   565.0   12.4   11.6
104   566.0   12.5   11.5
104   567.0   0.0   1.0
105   567.0   12.5   10.2
105   568.0   12.5   11.5
105   569.0   12.6   11.4
105   570.0   12.6   11.4
105   571.0   12.7   11.3
105   572.0   0.0   4.6
106   572.0   12.7   6.5
106   573.0   12.7   11.3
106   574.0   12.8   11.2
106   575.0   12.8   11.2
106   576.0   10.7   5.6
107   576.0   2.0   5.6
107   577.0   12.9   11.1
107   578.0   12.9   11.1
107   579.0   13.0   11.0
107   580.0   13.0   11.0
107   581.0   13.0   9.1
108   581.0   0.0   1.8
108   582.0   13.1   10.9
108   583.0   13.1   10.9
108   584.0   13.1   10.9
108   585.0   13.2   10.8
108   586.0   13.2   10.8
108   587.0   0.0   0.8
109   587.0   13.2   9.7
109   588.0   13.3   10.7
109   589.0   13.3   10.7
109   590.0   13.3   10.7
109   591.0   13.4   10.6
109   592.0   13.4   10.6
109   593.0   0.0   2.6
110   593.0   13.4   7.9
110   594.0   13.5   10.5
110   595.0   13.5   10.5
110   596.0   13.5   10.5
110   597.0   0.0   2.6
111   597.0   13.6   7.7
111   598.0   13.6   10.4
111   599.0   13.6   10.4
111   600.0   13.7   10.3
111   601.0   13.7   10.3
112   602.0   13.7   8.7
112   603.0   13.8   10.2
112   604.0   13.8   10.2
112   605.0   13.8   10.2
112   606.0   11.5   5.1
113   606.0   2.2   5.1
113   607.0   13.9   10.1
113   608.0   13.9   10.1
113   609.0   13.9   10.1
113   610.0   14.0   10.0
113   611.0   14.0   6.1
114   611.0   0.0   3.8
114   612.0   14.0   10.0
114   613.0   14.0   10.0
114   614.0   14.1   9.9
114   615.0   14.1   9.9
114   616.0   9.7   4.9
115   617.0   7.1   4.9
115   618.0   14.1   9.9
115   619.0   14.2   9.8
115   620.0   14.2   9.8
115   621.0   14.2   9.8
115   622.0   14.2   9.8
115   623.0   0.0   0.8
116   623.0   14.3   8.7
116   624.0   14.3   9.7
116   625.0   14.3   9.7
116   626.0   14.3   6.3
117   630.0   14.4   6.1
117   631.0   14.4   9.6
117   632.0   10.4   4.8
118   632.0   3.5   4.8
118   633.0   14.4   9.6
118   634.0   14.4   9.6
118   635.0   14.4   9.6
118   636.0   14.4   9.6
118   637.0   14.4   9.6
118   638.0   0.0   0.7
119   638.0   14.4   8.7
119   639.0   14.4   9.6
119   640.0   14.4   9.6
119   641.0   14.4   9.6
119   642.0   14.5   9.5
119   643.0   0.1   4.8
120   643.0   14.2   4.8
120   644.0   14.5   9.5
120   645.0   14.5   9.5
120   646.0   14.5   9.5
120   647.0   14.5   9.5
120   648.0   0.0   0.3
121   648.0   14.5   9.1
121   649.0   14.4   9.6
121   650.0   14.4   9.6
121   651.0   14.4   9.6
121   652.0   14.4   9.6
121   653.0   14.4   9.6
121   654.0   0.0   0.5
122   654.0   14.4   8.7
122   655.0   14.4   9.6
122   656.0   14.4   9.6
122   657.0   14.4   9.6
122   658.0   0.0   3.4
123   658.0   14.4   6.1
123   659.0   14.4   9.6
123   660.0   14.4   9.6
123   661.0   14.3   9.7
123   662.0   14.3   9.7
123   663.0   0.3   4.8
124   663.0   13.9   4.8
124   664.0   14.3   9.7
124   665.0   14.3   9.7
124   666.0   14.3   9.7
124   667.0   14.2   9.3
125   667.0   0.0   0.3
125   668.0   14.2   9.8
125   669.0   14.2   9.8
125   670.0   14.2   9.8
125   671.0   14.2   9.8
125   672.0   0.0   0.7
126   673.0   14.1   9.0
126   674.0   14.1   9.9
126   675.0   14.1   9.9
126   676.0   14.0   10.0
126   677.0   14.0   10.0
126   678.0   4.5   5.0
127   678.0   9.4   5.0
127   679.0   14.0   10.0
127   680.0   14.0   10.0
127   681.0   13.9   10.1
127   682.0   13.9   10.1
127   683.0   11.5   5.1
128   683.0   2.0   5.1
128   684.0   13.8   10.2
128   685.0   13.8   10.2
128   686.0   0.0   2.0
129   692.0   11.9   5.2
129   693.0   13.6   9.4
130   694.0   11.5   5.2
130   695.0   13.5   10.5
130   696.0   13.5   10.5
130   697.0   13.4   10.6
130   698.0   13.4   10.6
130   699.0   13.4   8.2
131   698.0   0.0   0.3
131   699.0   13.4   10.6
131   700.0   13.3   10.7
131   701.0   13.3   10.7
131   702.0   13.3   10.7
131   703.0   13.2   10.8
131   704.0   0.0   5.0
132   704.0   12.8   5.4
132   705.0   13.2   10.8
132   706.0   13.1   10.9
132   707.0   13.1   10.9
132   708.0   13.1   10.9
132   709.0   0.0   5.2
133   709.0   12.9   5.5
133   710.0   13.0   11.0
133   711.0   13.0   11.0
133   712.0   12.9   11.1
133   713.0   12.9   11.1
133   714.0   12.8   11.2
133   715.0   0.0   4.2
134   715.0   12.8   6.4
134   716.0   12.8   11.2
134   717.0   12.7   11.3
134   718.0   12.7   11.3
134   719.0   12.7   11.3
134   720.0   0.0   5.3
135   720.0   12.6   5.9
135   721.0   12.6   11.4
135   722.0   12.5   11.5
135   723.0   12.5   11.5
135   724.0   12.5   11.5
135   725.0   0.0   5.0
136   725.0   12.4   6.4
136   726.0   12.4   11.6
136   727.0   12.4   11.6
136   728.0   12.3   11.7
136   729.0   12.3   11.7
136   730.0   0.3   5.9
137   730.0   11.6   5.9
137   731.0   12.2   11.8
137   732.0   12.2   11.8
137   733.0   12.1   11.9
137   734.0   12.1   11.9
137   735.0   1.0   6.0
138   735.0   10.9   6.0
138   736.0   12.0   12.0
138   737.0   12.0   12.0
138   738.0   11.9   12.1
138   739.0   11.9   12.1
138   740.0   1.1   6.1
139   740.0   10.7   6.1
139   741.0   11.8   12.2
139   742.0   11.8   12.2
139   743.0   11.7   12.3
139   744.0   11.7   12.3
139   745.0   11.7   12.3
139   746.0   0.0   3.5
140   746.0   11.6   8.8
140   747.0   11.6   12.4
140   748.0   11.6   12.4
140   749.0   11.5   12.5
140   750.0   0.0   0.3
141   750.0   11.5   12.0
141   751.0   11.4   12.6
141   752.0   11.4   12.6
141   753.0   11.4   12.6
141   754.0   11.3   12.7
142   755.0   11.3   12.4
142   756.0   11.3   12.7
142   757.0   11.2   12.8
142   758.0   11.2   12.8
142   759.0   11.2   9.7
143   759.0   0.0   3.0
143   760.0   11.1   12.9
143   761.0   11.1   12.9
143   762.0   11.0   13.0
143   763.0   11.0   13.0
144   765.0   10.9   12.9
144   766.0   10.9   13.1
144   767.0   10.9   13.1
144   768.0   10.8   13.2
144   769.0   10.8   13.2
144   770.0   10.8   10.9
145   769.0   0.0   2.0
145   770.0   10.8   13.2
145   771.0   10.7   13.3
145   772.0   10.7   13.3
145   773.0   10.6   13.4
145   774.0   10.6   13.4
145   775.0   10.6   7.6
146   775.0   0.0   5.7
146   776.0   10.6   13.4
146   777.0   10.5   13.5
146   778.0   10.5   13.5
146   779.0   10.5   13.5
146   780.0   10.4   13.6
146   781.0   0.0   1.6
147   781.0   10.4   11.8
147   782.0   10.4   13.6
147   783.0   10.3   13.7
147   784.0   10.3   13.7
147   785.0   10.3   13.7
147   786.0   0.0   5.2
148   786.0   10.2   8.2
148   787.0   10.2   13.8
148   788.0   10.2   13.8
148   789.0   10.2   13.8
148   790.0   10.1   13.9
148   791.0   1.4   7.0
149   791.0   8.4   7.0
149   792.0   10.1   13.9
149   793.0   10.0   14.0
149   794.0   10.0   14.0
149   795.0   9.8   7.0
150   795.0   0.0   7.0
150   796.0   10.0   14.0
150   797.0   9.9   14.1
150   798.0   9.9   14.1
150   799.0   9.9   14.1
150   800.0   9.9   14.1
150   801.0   0.0   1.1
151   801.0   9.9   12.9
151   802.0   9.8   14.2
151   803.0   9.8   14.2
151   804.0   9.8   14.2
151   805.0   9.8   14.2
151   806.0   9.8   8.2
152   806.0   0.0   5.5
152   807.0   9.7   14.3
152   808.0   9.7   14.3
152   809.0   9.7   14.3
152   810.0   9.7   14.3
152   811.0   0.0   6.3
153   811.0   9.7   7.9
153   812.0   9.7   14.3
153   813.0   9.7   14.3
153   814.0   9.6   14.4
153   815.0   9.6   7.6
154   815.0   0.0   6.4
154   816.0   9.6   14.4
154   817.0   9.6   14.4
154   818.0   9.6   14.4
154   819.0   9.6   14.4
154   820.0   9.6   14.4
154   821.0   6.7   7.2
155   821.0   2.8   7.2
155   822.0   9.6   14.4
155   823.0   9.6   14.4
155   824.0   9.6   14.4
155   825.0   9.6   8.5
156   825.0   0.0   5.9
156   826.0   9.6   14.4
156   827.0   9.6   14.4
156   828.0   9.6   14.4
156   829.0   9.6   14.4
156   830.0   9.6   7.7
157   830.0   0.0   6.6
157   831.0   9.6   14.4
157   832.0   9.6   14.4
157   833.0   9.6   14.4
157   834.0   9.6   14.4
157   835.0   9.6   14.4
157   836.0   9.6   14.4
157   837.0   0.0   2.5
158   837.0   9.6   11.7
158   838.0   9.6   14.4
158   839.0   9.6   14.4
158   840.0   9.6   14.4
158   841.0   9.6   14.4
158   842.0   0.0   1.4
159   842.0   9.7   12.5
159   843.0   9.7   14.3
159   844.0   9.7   14.3
159   845.0   9.7   14.3
159   846.0   9.7   14.3
159   847.0   1.4   7.1
160   847.0   8.2   7.1
160   848.0   9.7   14.3
160   849.0   9.8   14.2
160   850.0   9.8   14.2
160   851.0   9.8   14.2
160   852.0   0.0   3.7
161   852.0   9.8   10.3
161   853.0   9.8   14.2
161   854.0   9.9   14.1
161   855.0   9.9   14.1
161   856.0   9.9   7.7
162   856.0   0.0   6.3
162   857.0   9.9   14.1
162   858.0   9.9   14.1
162   859.0   10.0   14.0
162   860.0   10.0   14.0
162   861.0   10.0   7.0
163   861.0   0.0   6.6
163   862.0   10.0   14.0
163   863.0   10.1   13.9
163   864.0   10.1   13.9
163   865.0   10.1   13.9
163   866.0   10.2   13.8
163   867.0   10.2   13.8
163   868.0   5.8   6.9
164   869.0   10.2   12.6
164   870.0   10.3   13.7
164   871.0   10.3   13.7
164   872.0   10.3   13.7
164   873.0   0.0   1.5
165   873.0   10.4   12.1
165   874.0   10.4   13.6
165   875.0   10.4   13.6
165   876.0   10.5   13.5
165   877.0   10.5   11.6
166   877.0   0.0   1.8
166   878.0   10.5   13.5
166   879.0   10.6   13.4
166   880.0   10.6   13.4
166   881.0   10.6   13.4
166   882.0   10.6   13.4
166   883.0   0.0   3.4
167   883.0   10.7   9.8
167   884.0   10.7   13.3
167   885.0   10.8   13.2
167   886.0   10.8   13.2
167   887.0   9.8   6.6
168   887.0   0.8   6.6
168   888.0   10.9   13.1
168   889.0   10.9   13.1
168   890.0   10.9   13.1
168   891.0   11.0   13.0
168   892.0   11.0   13.0
168   893.0   0.0   1.0
169   893.0   7.1   6.5
169   894.0   11.1   12.9
169   895.0   11.1   12.9
169   896.0   0.0   5.8
170   897.0   10.9   6.4
170   898.0   11.2   12.8
170   899.0   11.3   12.7
170   900.0   8.7   6.4
171   900.0   2.4   6.4
171   901.0   11.3   12.7
171   902.0   11.4   12.6
171   903.0   11.4   12.6
171   904.0   11.4   12.6
171   905.0   11.5   12.5
171   906.0   8.1   6.2
172   906.0   3.2   6.2
172   907.0   11.6   12.4
172   908.0   11.6   12.4
172   909.0   11.6   12.4
172   910.0   11.7   12.3
172   911.0   0.0   6.1
173   911.0   11.7   6.1
173   912.0   11.7   12.3
173   913.0   11.8   12.2
173   914.0   11.8   12.2
173   915.0   11.9   12.1
173   916.0   0.0   5.3
174   916.0   11.9   6.6
174   917.0   11.9   12.1
174   918.0   12.0   12.0
174   919.0   12.0   12.0
174   920.0   12.1   11.9
174   921.0   0.0   5.0
175   921.0   9.9   6.0
175   922.0   12.1   11.9
175   923.0   12.2   11.8
175   924.0   12.2   11.8
175   925.0   12.2   11.8
175   926.0   12.3   11.7
175   927.0   0.1   5.8
176   927.0   12.2   5.8
176   928.0   12.4   11.6
176   929.0   12.4   11.6
176   930.0   12.4   11.6
176   931.0   12.5   11.5
176   932.0   0.0   2.5
177   932.0   12.5   8.8
177   933.0   12.5   11.5
177   934.0   12.6   11.4
177   935.0   12.6   11.4
177   936.0   0.0   0.1
178   937.0   12.7   11.1
178   938.0   12.7   11.3
178   939.0   12.8   11.2
178   940.0   12.8   11.2
178   941.0   12.8   11.2
178   942.0   0.0   4.9
179   942.0   12.9   6.0
179   943.0   12.9   11.1
179   944.0   13.0   11.0
179   945.0   13.0   11.0
179   946.0   13.0   11.0
179   947.0   0.0   4.9
180   947.0   13.1   5.8
180   948.0   13.1   10.9
180   949.0   13.1   10.9
180   950.0   13.2   10.8
180   951.0   13.2   8.2
181   951.0   0.0   1.5
181   952.0   13.2   10.8
181   953.0   13.3   10.7
181   954.0   13.3   10.7
181   955.0   13.3   10.7
181   956.0   13.4   10.6
181   957.0   13.4   10.6
181   958.0   3.2   5.3
182   958.0   9.3   5.3
182   959.0   13.5   10.5
182   960.0   13.5   10.5
182   961.0   13.5   10.5
182   962.0   4.0   5.2
183   962.0   9.4   5.2
183   963.0   13.6   10.4
183   964.0   13.6   10.4
183   965.0   13.7   10.3
183   966.0   13.7   10.3
183   967.0   4.2   5.1
184   967.0   9.3   5.1
184   968.0   13.8   10.2
184   969.0   13.8   10.2
184   970.0   13.8   10.2
184   971.0   13.8   10.2
184   972.0   0.0   0.2
185   972.0   9.4   5.1
185   973.0   13.9   10.1
185   974.0   13.9   10.1
185   975.0   14.0   10.0
185   976.0   14.0   10.0
185   977.0   2.2   5.0
186   977.0   11.6   5.0
186   978.0   14.0   10.0
186   979.0   14.0   10.0
186   980.0   14.1   9.9
186   981.0   14.1   9.9
186   982.0   0.0   3.9
187   982.0   14.1   5.9
187   983.0   14.1   9.9
187   984.0   14.2   9.8
187   985.0   14.2   9.8
187   986.0   14.2   9.8
187   987.0   14.2   9.8
187   988.0   6.5   4.9
188   988.0   7.7   4.9
188   989.0   14.3   9.7
188   990.0   14.3   9.7
188   991.0   14.3   9.7
188   992.0   14.3   9.7
188   993.0   9.0   4.8
189   993.0   5.3   4.8
189   994.0   14.3   9.7
189   995.0   14.4   9.6
189   996.0   14.4   9.6
189   997.0   14.4   9.6
189   998.0   1.9   4.8
190   998.0   12.4   4.8
190   999.0   14.4   9.6
190   1000.0   14.4   9.6
190   1001.0   14.4   9.6
190   1002.0   14.4   9.6
190   1003.0   0.0   1.2
191   1003.0   14.4   8.2
191   1004.0   14.4   9.6
191   1005.0   14.4   9.6
191   1006.0   14.4   9.6
191   1007.0   14.5   9.5
191   1008.0   6.0   4.8
192   1008.0   8.1   4.8
192   1009.0   14.5   9.5
192   1010.0   14.5   9.5
192   1011.0   14.5   9.5
192   1012.0   14.5   9.5
192   1013.0   0.0   1.3
193   1013.0   14.5   7.7
193   1014.0   14.4   9.6
193   1015.0   14.4   9.6
193   1016.0   14.4   9.6
193   1017.0   14.4   9.6
193   1018.0   14.4   9.6
193   1019.0   1.9   4.8
194   1019.0   9.8   4.8
194   1020.0   14.4   9.6
194   1021.0   14.4   9.6
194   1022.0   10.7   4.8
195   1022.0   3.5   4.8
195   1023.0   14.4   9.6
195   1024.0   14.4   9.6
195   1025.0   14.4   9.6
195   1026.0   14.3   9.7
195   1027.0   14.3   9.7
195   1028.0   0.0   3.9
196   1028.0   14.3   5.4
196   1029.0   14.3   9.7
196   1030.0   14.3   9.7
196   1031.0   14.3   9.7
196   1032.0   14.3   9.7
196   1033.0   4.1   4.9
197   1033.0   10.1   4.9
197   1034.0   14.2   9.8
197   1035.0   14.2   9.8
197   1036.0   14.2   9.8
197   1037.0   14.1   5.1
198   1037.0   0.0   3.9
198   1038.0   14.1   9.9
198   1039.0   14.1   9.9
198   1040.0   14.1   9.9
198   1041.0   14.1   9.9
198   1042.0   14.0   10.0
198   1043.0   0.0   2.6
199   1043.0   14.0   7.1
199   1044.0   14.0   10.0
199   1045.0   14.0   10.0
199   1046.0   13.9   10.1
199   1047.0   13.9   10.1
199   1048.0   13.9   10.1
199   1049.0   13.8   9.3
200   1048.0   0.0   0.6
200   1049.0   13.8   10.2
200   1050.0   13.8   10.2
200   1051.0   13.8   10.2
200   1052.0   13.8   10.2
200   1053.0   13.7   10.3
200   1054.0   1.0   5.2
201   1054.0   12.3   5.2
201   1055.0   13.7   10.3
201   1056.0   13.6   10.4
201   1057.0   13.6   10.4
201   1058.0   13.6   10.2
202   1059.0   13.5   9.6
202   1060.0   13.5   10.5
202   1061.0   13.5   10.5
202   1062.0   13.4   10.6
202   1063.0   13.4   10.6
202   1064.0   0.0   1.1
203   1064.0   13.4   8.4
203   1065.0   13.3   10.7
203   1066.0   2.3   5.3
204   1069.0   13.2   9.0
204   1070.0   13.2   10.8
204   1071.0   13.1   10.9
204   1072.0   13.1   10.9
204   1073.0   13.1   10.9
204   1074.0   3.5   5.5
205   1074.0   9.3   5.5
205   1075.0   13.0   11.0
205   1076.0   13.0   11.0
205   1077.0   12.9   11.1
205   1078.0   12.9   11.1
205   1079.0   10.5   5.6
206   1079.0   2.2   5.6
206   1080.0   12.8   11.2
206   1081.0   12.8   11.2
206   1082.0   12.7   11.3
206   1083.0   12.7   11.3
206   1084.0   0.0   0.6
207   1085.0   12.6   10.6
207   1086.0   12.6   11.4
207   1087.0   12.5   11.5
207   1088.0   12.5   11.5
207   1089.0   12.5   11.5
207   1090.0   0.0   0.4
208   1090.0   10.0   5.8
208   1091.0   12.4   11.6
208   1092.0   12.4   11.6
208   1093.0   12.3   11.7
208   1094.0   12.3   11.7
208   1095.0   0.0   2.7
209   1095.0   12.2   8.9
209   1096.0   12.2   11.8
209   1097.0   12.2   11.8
209   1098.0   12.1   11.9
209   1099.0   9.6   5.9
210   1099.0   2.5   5.9
210   1100.0   12.1   11.9
210   1101.0   12.0   12.0
210   1102.0   12.0   12.0
210   1103.0   11.9   12.1
210   1104.0   11.9   11.7
211   1105.0   11.4   6.1
211   1106.0   11.8   12.2
211   1107.0   11.8   12.2
211   1108.0   11.8   12.2
211   1109.0   11.7   12.3
211   1110.0   11.7   12.3
211   1111.0   0.0   3.7
212   1111.0   11.6   8.5
212   1112.0   11.6   12.4
212   1113.0   11.6   12.4
212   1114.0   11.5   8.9
213   1115.0   0.0   3.5
213   1116.0   11.5   12.5
213   1117.0   11.4   12.6
213   1118.0   11.4   12.6
213   1119.0   11.3   12.6
214   1120.0   11.3   12.6
214   1121.0   11.3   12.7
214   1122.0   11.2   12.8
214   1123.0   11.2   12.8
214   1124.0   11.2   12.8
214   1125.0   5.9   6.4
215   1125.0   5.2   6.4
215   1126.0   11.1   12.9
215   1127.0   11.0   13.0
215   1128.0   11.0   13.0
215   1129.0   11.0   12.3
216   1130.0   8.1   6.5
216   1131.0   10.9   13.1
216   1132.0   10.9   13.1
216   1133.0   10.8   13.2
216   1134.0   10.1   6.6
217   1134.0   0.0   6.4
217   1135.0   10.8   6.7
218   1142.0   0.0   6.4
218   1143.0   10.5   13.5
218   1144.0   10.5   13.5
218   1145.0   10.4   13.6
218   1146.0   0.0   4.3
219   1147.0   10.4   9.2
219   1148.0   10.3   13.7
219   1149.0   10.3   13.7
219   1150.0   10.3   13.7
219   1151.0   0.0   6.6
220   1151.0   10.3   7.1
220   1152.0   10.2   13.8
220   1153.0   10.2   13.8
221   1156.0   10.0   6.9
221   1157.0   10.1   13.9
221   1158.0   10.0   14.0
221   1159.0   10.0   14.0
221   1160.0   0.0   1.2
222   1161.0   10.0   13.2
222   1162.0   10.0   14.0
222   1163.0   9.9   14.1
222   1164.0   9.9   14.1
222   1165.0   9.9   14.1
222   1166.0   0.0   6.3
223   1167.0   9.8   7.5
223   1168.0   9.8   14.2
223   1169.0   9.8   14.2
223   1170.0   9.8   14.2
223   1171.0   9.8   14.1
224   1172.0   9.7   12.3
224   1173.0   9.7   14.3
224   1174.0   9.7   14.3
224   1175.0   6.9   7.1
225   1175.0   1.7   7.1
225   1176.0   9.7   14.3
225   1177.0   9.7   14.3
225   1178.0   9.7   14.3
225   1179.0   9.6   14.4
225   1180.0   9.6   14.4
225   1181.0   0.0   4.2
226   1181.0   9.6   10.0
226   1182.0   9.6   14.4
226   1183.0   9.6   14.4
226   1184.0   9.6   14.4
226   1185.0   9.6   8.5
227   1185.0   0.0   5.9
227   1186.0   9.6   14.4
227   1187.0   9.6   14.4
227   1188.0   9.6   14.4
227   1189.0   9.6   14.4
227   1190.0   9.6   11.3
228   1190.0   0.0   3.0
228   1191.0   9.6   14.4
228   1192.0   9.6   14.4
228   1193.0   9.6   14.4
228   1194.0   9.6   14.4
228   1195.0   9.6   14.4
228   1196.0   9.6   14.3
229   1196.0   4.6   7.2
229   1197.0   9.6   14.4
229   1198.0   9.6   14.4
229   1199.0   9.6   14.4
229   1200.0   9.6   14.4
229   1201.0   9.6   14.4
229   1202.0   0.0   2.5
230   1202.0   9.6   11.8
230   1203.0   9.6   14.4
230   1204.0   9.6   14.4
230   1205.0   9.6   14.4
230   1206.0   9.6   14.4
230   1207.0   0.0   2.2
231   1207.0   9.7   11.6
231   1208.0   9.7   14.3
231   1209.0   9.7   14.3
231   1210.0   9.7   14.3
231   1211.0   4.1   7.1
232   1213.0   9.5   7.1
232   1214.0   9.7   14.3
232   1215.0   9.8   14.2
232   1216.0   9.8   14.2
232   1217.0   0.6   7.1
233   1217.0   9.0   7.1
233   1218.0   9.8   14.2
233   1219.0   9.8   14.2
233   1220.0   9.9   14.1
233   1221.0   9.9   14.1
233   1222.0   0.0   1.6
234   1222.0   9.9   12.3
234   1223.0   9.9   14.1
234   1224.0   10.0   14.0
234   1225.0   10.0   14.0
234   1226.0   9.4   7.0
235   1226.0   0.0   5.2
235   1227.0   10.0   14.0
235   1228.0   10.1   13.9
235   1229.0   10.1   13.9
235   1230.0   10.1   13.9
235   1231.0   10.1   13.9
235   1232.0   10.2   13.8
235   1233.0   10.2   13.2
236   1233.0   10.2   13.3
236   1234.0   10.2   13.8
236   1235.0   10.3   13.7
236   1236.0   10.3   13.7
236   1237.0   10.3   13.7
236   1238.0   0.0   5.8
237   1238.0   10.3   7.6
237   1239.0   10.4   13.6
237   1240.0   10.4   13.6
237   1241.0   10.4   13.6
237   1242.0   10.5   13.5
237   1243.0   0.0   4.3
238   1243.0   10.5   7.4
238   1244.0   10.5   13.5
238   1245.0   10.6   13.4
238   1246.0   10.6   13.4
238   1247.0   10.6   7.1
239   1247.0   0.0   4.7
239   1248.0   10.7   13.3
239   1249.0   10.7   13.3
239   1250.0   10.7   13.3
239   1251.0   10.8   13.2
239   1252.0   0.0   2.2
240   1254.0   10.9   10.2
240   1255.0   10.9   13.1
240   1256.0   11.0   13.0
240   1257.0   11.0   13.0
240   1258.0   0.2   6.5
241   1258.0   10.7   6.5
241   1259.0   11.1   12.9
241   1260.0   11.1   12.9
241   1261.0   11.1   12.9
241   1262.0   11.2   12.8
241   1263.0   11.2   11.9
242   1263.0   11.2   12.8
242   1264.0   11.2   12.8
242   1265.0   11.3   12.7
242   1266.0   11.3   12.7
242   1267.0   0.0   0.2
243   1267.0   8.8   6.3
243   1268.0   11.4   12.6
243   1269.0   11.4   12.6
243   1270.0   11.5   12.5
243   1271.0   11.5   8.4
244   1271.0   0.0   3.9
244   1272.0   11.5   12.5
244   1273.0   11.6   12.4
244   1274.0   11.6   12.4
244   1275.0   11.7   12.3
244   1276.0   9.4   6.1
245   1276.0   2.1   6.1
245   1277.0   11.7   12.3
245   1278.0   11.8   12.2
245   1279.0   11.8   12.2
245   1280.0   11.8   12.2
245   1281.0   11.9   12.1
245   1282.0   0.8   6.0
246   1282.0   10.8   6.0
246   1283.0   12.0   12.0
246   1284.0   12.0   12.0
246   1285.0   12.0   12.0
246   1286.0   12.1   11.9
246   1287.0   0.0   0.3
247   1287.0   12.1   10.7
247   1288.0   12.2   11.8
247   1289.0   12.2   11.8
247   1290.0   12.2   11.8
247   1291.0   12.3   11.7
247   1292.0   12.3   10.2
248   1292.0   0.0   1.2
248   1293.0   12.3   11.7
248   1294.0   12.4   11.6
248   1295.0   12.4   11.6
248   1296.0   12.5   11.5
248   1297.0   12.5   11.5
248   1298.0   4.7   5.7
249   1298.0   7.3   5.7
249   1299.0   12.6   11.4
249   1300.0   12.6   11.4
249   1301.0   12.6   11.4
249   1302.0   12.7   11.3
249   1303.0   7.7   5.6
250   1303.0   5.0   5.6
250   1304.0   12.8   11.2
250   1305.0   12.8   11.2
250   1306.0   12.8   11.2
250   1307.0   12.9   11.1
250   1308.0   0.0   2.8
251   1308.0   12.9   7.9
251   1309.0   12.9   11.1
251   1310.0   13.0   11.0
251   1311.0   13.0   11.0
251   1312.0   13.1   9.0
252   1312.0   0.0   1.3
252   1313.0   13.1   10.9
252   1314.0   13.1   10.9
252   1315.0   13.2   10.8
252   1316.0   13.2   10.8
252   1317.0   13.2   10.8
252   1318.0   0.0   1.0
253   1318.0   13.3   9.5
253   1319.0   13.3   10.7
253   1320.0   13.3   10.7
253   1321.0   13.4   10.6
253   1322.0   13.4   10.6
253   1323.0   13.4   10.6
253   1324.0   0.0   2.9
254   1324.0   13.5   7.6
254   1325.0   13.5   10.5
254   1326.0   13.5   10.5
254   1327.0   13.6   10.4
254   1328.0   1.0   5.2
255   1328.0   12.4   5.2
255   1329.0   13.6   10.4
255   1330.0   13.7   10.3
255   1331.0   13.7   10.3
255   1332.0   11.7   5.1
256   1332.0   1.9   5.1
256   1333.0   13.7   10.3
256   1334.0   13.8   10.2
256   1335.0   13.8   10.2
256   1336.0   13.8   10.2
256   1337.0   13.9   10.1
256   1338.0   0.0   1.1
257   1338.0   13.9   8.8
257   1339.0   13.9   10.1
257   1340.0   13.9   10.1
257   1341.0   14.0   10.0
257   1342.0   14.0   10.0
257   1343.0   2.4   5.0
258   1343.0   11.6   5.0
258   1344.0   14.0   10.0
258   1345.0   14.1   9.9
258   1346.0   14.1   9.9
258   1347.0   14.1   8.6
259   1348.0   14.0   4.9
259   1349.0   14.2   9.8
259   1350.0   14.2   9.8
259   1351.0   14.2   9.8
259   1352.0   14.2   9.8
259   1353.0   14.2   9.8
259   1354.0   9.8   4.9
260   1354.0   4.4   4.9
260   1355.0   14.3   9.7
260   1356.0   14.3   9.7
260   1357.0   14.3   9.7
260   1358.0   14.3   9.7
260   1359.0   2.9   4.8
261   1359.0   11.3   4.8
261   1360.0   14.3   9.7
261   1361.0   14.4   9.6
261   1362.0   14.4   9.6
261   1363.0   14.4   7.3
262   1363.0   0.0   2.3
262   1364.0   14.4   9.6
262   1365.0   14.4   9.6
262   1366.0   14.4   9.6
262   1367.0   14.4   9.6
262   1368.0   14.4   9.6
262   1369.0   1.0   4.8
263   1369.0   13.2   4.8
263   1370.0   14.4   9.6
263   1371.0   14.4   9.6
263   1372.0   14.4   9.6
263   1373.0   0.0   4.6
264   1374.0   14.5   6.8
264   1375.0   14.5   9.5
264   1376.0   14.5   9.5
264   1377.0   14.5   9.5
264   1378.0   14.5   9.5
264   1379.0   0.0   2.5
265   1379.0   14.4   6.9
265   1380.0   14.4   9.6
265   1381.0   14.4   9.6
265   1382.0   14.4   9.6
265   1383.0   14.4   9.6
265   1384.0   14.4   9.4
266   1385.0   14.4   9.4
266   1386.0   14.4   9.6
266   1387.0   14.4   9.6
266   1388.0   14.4   8.9
267   1388.0   0.0   0.5
267   1389.0   14.4   9.6
267   1390.0   14.4   9.6
267   1391.0   14.3   9.7
267   1392.0   14.3   9.7
267   1393.0   14.3   9.7
267   1394.0   0.0   1.2
268   1394.0   14.3   8.3
268   1395.0   14.3   9.7
268   1396.0   14.3   9.7
268   1397.0   14.3   9.7
268   1398.0   14.2   9.8
268   1399.0   6.5   4.9
269   1399.0   7.5   4.9
269   1400.0   14.2   9.8
269   1401.0   14.2   9.8
269   1402.0   14.2   9.8
269   1403.0   0.0   1.5
270   1404.0   14.1   8.4
270   1405.0   14.1   9.9
270   1406.0   14.1   9.9
270   1407.0   14.0   10.0
270   1408.0   14.0   10.0
270   1409.0   0.0   3.4
271   1409.0   14.0   6.3
271   1410.0   14.0   10.0
271   1411.0   13.9   10.1
271   1412.0   13.9   10.1
271   1413.0   13.9   10.1
271   1414.0   13.9   10.1
271   1415.0   13.8   10.0
272   1427.0   13.5   6.1
272   1428.0   13.4   10.6
272   1429.0   13.4   10.6
272   1430.0   0.3   5.3
273   1430.0   0.2   5.3
273   1431.0   13.3   10.7
273   1432.0   13.3   10.7
273   1433.0   13.3   10.7
273   1434.0   13.2   10.8
273   1435.0   0.0   3.5
274   1435.0   13.2   7.1
274   1436.0   13.1   10.9
274   1437.0   13.1   10.9
274   1438.0   13.1   10.9
274   1439.0   13.0   11.0
274   1440.0   0.0   1.5
275   1440.0   13.0   9.0
275   1441.0   13.0   11.0
275   1442.0   12.9   10.4
276   1446.0   7.5   5.6
276   1447.0   12.8   11.2
276   1448.0   12.7   11.3
276   1449.0   12.7   11.3
276   1450.0   12.6   11.4
276   1451.0   0.0   3.6
277   1451.0   12.6   7.5
277   1452.0   12.6   11.4
277   1453.0   12.5   11.5
277   1454.0   12.5   11.5
277   1455.0   12.5   11.5
277   1456.0   0.0   1.7
278   1456.0   12.4   9.2
278   1457.0   12.4   11.6
278   1458.0   12.3   11.7
278   1459.0   12.3   11.7
278   1460.0   12.3   11.7
278   1461.0   0.0   2.0
279   1461.0   12.2   9.7
279   1462.0   12.2   11.8
279   1463.0   12.2   11.8
279   1464.0   12.1   11.9
279   1465.0   12.1   11.9
279   1466.0   6.0   6.0
280   1466.0   6.0   6.0
280   1467.0   12.0   12.0
280   1468.0   12.0   12.0
280   1469.0   11.9   12.1
280   1470.0   8.8   6.1
281   1470.0   2.8   6.1
281   1471.0   11.8   12.2
281   1472.0   11.8   12.2
281   1473.0   11.8   12.2
281   1474.0   11.7   12.3
281   1475.0   11.7   12.3
281   1476.0   0.0   0.2
282   1477.0   11.6   12.0
282   1478.0   11.6   12.4
282   1479.0   11.5   12.5
282   1480.0   0.0   1.3
283   1486.0   9.0   6.4
283   1487.0   11.2   12.8
283   1488.0   11.2   12.8
283   1489.0   11.2   12.8
283   1490.0   0.0   0.2
284   1491.0   11.1   9.7
284   1492.0   11.1   12.9
284   1493.0   11.0   13.0
284   1494.0   11.0   13.0
285   1496.0   10.9   9.0
285   1497.0   10.9   13.1
285   1498.0   10.8   13.2
285   1499.0   9.7   6.6
286   1501.0   10.7   7.1
286   1502.0   10.7   13.3
286   1503.0   10.7   13.3
286   1504.0   10.6   13.4
286   1505.0   10.6   13.4
286   1506.0   10.6   9.0
287   1506.0   0.0   4.4
287   1507.0   10.5   13.5
287   1508.0   10.5   13.5
287   1509.0   10.5   13.5
287   1510.0   10.4   13.6
287   1511.0   2.2   6.8
288   1512.0   10.4   12.4
288   1513.0   10.3   13.7
288   1514.0   10.3   13.7
288   1515.0   10.3   13.7
288   1516.0   10.3   13.7
288   1517.0   0.0   5.5
289   1518.0   0.0   6.9
289   1519.0   10.2   13.8
289   1520.0   10.1   13.9
289   1521.0   10.1   13.9
289   1522.0   0.0   0.7
290   1522.0   10.1   11.4
290   1523.0   10.1   13.9
290   1524.0   10.0   14.0
290   1525.0   10.0   14.0
290   1526.0   10.0   14.0
290   1527.0   0.0   6.8
291   1527.0   9.8   7.0
291   1528.0   9.9   14.1
291   1529.0   9.9   14.1
291   1530.0   9.9   14.1
291   1531.0   9.9   14.1
291   1532.0   1.3   7.1
292   1532.0   8.5   7.1
292   1533.0   9.8   14.2
292   1534.0   9.8   14.2
292   1535.0   9.8   14.2
292   1536.0   9.8   14.2
292   1537.0   9.7   14.3
292   1538.0   0.0   0.8
293   1538.0   9.7   12.8
293   1539.0   9.7   14.3
293   1540.0   9.7   14.3
293   1541.0   9.7   14.3
293   1542.0   0.0   4.1
294   1542.0   9.7   9.9
294   1543.0   9.7   14.3
294   1544.0   9.6   14.4
294   1545.0   9.6   14.4
294   1546.0   9.6   14.4
294   1547.0   0.0   3.0
295   1547.0   9.6   10.8
295   1548.0   9.6   14.4
295   1549.0   9.6   14.4
295   1550.0   9.6   14.4
295   1551.0   9.6   14.4
295   1552.0   4.4   7.2
296   1552.0   5.1   7.2
296   1553.0   9.6   14.4
296   1554.0   9.6   14.4
296   1555.0   9.6   14.4
296   1556.0   9.6   14.4
296   1557.0   0.0   6.8
297   1557.0   7.7   7.2
297   1558.0   9.6   14.4
297   1559.0   9.6   14.4
297   1560.0   9.6   14.4
297   1561.0   9.6   14.4
297   1562.0   9.6   14.0
298   1562.0   9.6   14.2
298   1563.0   9.6   14.4
298   1564.0   9.6   14.4
298   1565.0   9.6   14.4
298   1566.0   9.6   14.4
298   1567.0   9.6   14.4
298   1568.0   0.0   6.5
299   1568.0   9.6   7.9
299   1569.0   9.6   14.4
299   1570.0   9.6   14.4
299   1571.0   9.6   14.4
299   1572.0   9.6   14.4
299   1573.0   0.0   7.1
300   1573.0   9.5   7.2
300   1574.0   9.7   14.3
300   1575.0   9.7   14.3
300   1576.0   9.7   14.3
300   1577.0   9.7   14.3
300   1578.0   0.0   2.7
301   1578.0   9.7   11.4
301   1579.0   9.7   14.3
301   1580.0   9.8   14.2
301   1581.0   9.8   14.2
301   1582.0   0.5   7.1
302   1583.0   4.3   7.1
302   1584.0   9.8   14.2
302   1585.0   9.9   14.1
302   1586.0   9.9   14.1
302   1587.0   9.9   14.1
302   1588.0   1.7   7.0
303   1588.0   8.2   7.0
303   1589.0   10.0   14.0
303   1590.0   10.0   14.0
303   1591.0   10.0   14.0
303   1592.0   10.0   14.0
303   1593.0   6.2   7.0
304   1593.0   3.7   7.0
304   1594.0   10.1   13.9
304   1595.0   10.1   13.9
304   1596.0   10.1   13.9
304   1597.0   10.2   13.8
304   1598.0   10.2   13.8
304   1599.0   5.8   6.9
305   1599.0   4.4   6.9
305   1600.0   10.3   13.7
305   1601.0   10.3   13.7
305   1602.0   10.3   13.7
305   1603.0   10.3   13.7
305   1604.0   1.7   6.8
306   1604.0   8.7   6.8
306   1605.0   10.4   13.6
306   1606.0   10.4   13.6
306   1607.0   10.5   13.5
306   1608.0   10.5   7.9
307   1608.0   0.0   5.4
307   1609.0   10.5   13.5
307   1610.0   10.6   13.4
307   1611.0   10.6   13.4
307   1612.0   10.6   13.4
307   1613.0   10.7   8.4
308   1613.0   0.0   4.8
308   1614.0   10.7   13.3
308   1615.0   10.7   13.3
308   1616.0   10.8   13.2
308   1617.0   10.8   13.2
308   1618.0   10.8   13.2
308   1619.0   0.0   0.4
309   1619.0   10.9   12.5
309   1620.0   10.9   13.1
309   1621.0   10.9   13.1
309   1622.0   11.0   13.0
309   1623.0   11.0   13.0
309   1624.0   0.0   1.0
310   1624.0   11.1   10.3
310   1625.0   11.1   12.9
310   1626.0   11.1   12.9
310   1627.0   11.2   12.8
310   1628.0   0.0   2.9
311   1628.0   11.2   9.5
311   1629.0   11.2   12.8
311   1630.0   11.3   12.7
311   1631.0   11.3   12.7
311   1632.0   0.0   2.9
312   1632.0   11.4   9.3
312   1633.0   11.4   12.6
312   1634.0   11.4   12.6
312   1635.0   11.5   12.5
312   1636.0   11.5   12.3
313   1637.0   11.5   12.2
313   1638.0   11.6   12.4
313   1639.0   11.6   12.4
313   1640.0   11.7   12.3
313   1641.0   11.7   12.3
313   1642.0   11.7   12.1
314   1642.0   11.7   10.0
314   1643.0   11.8   12.2
314   1644.0   11.8   12.2
314   1645.0   11.8   12.2
314   1646.0   11.9   12.1
314   1647.0   0.7   6.0
315   1647.0   5.2   6.0
315   1648.0   12.0   12.0
315   1649.0   12.0   12.0
315   1650.0   12.0   12.0
315   1651.0   12.1   11.9
315   1652.0   0.0   3.2
316   1652.0   12.1   8.6
316   1653.0   12.2   11.8
316   1654.0   12.2   11.8
316   1655.0   12.2   11.8
316   1656.0   12.3   11.7
316   1657.0   5.5   5.9
317   1657.0   0.0   3.9
317   1658.0   12.3   11.7
317   1659.0   12.4   11.6
317   1660.0   12.4   11.6
317   1661.0   12.5   11.5
317   1662.0   12.5   11.5
317   1663.0   0.5   5.7
318   1663.0   12.0   5.7
318   1664.0   12.6   11.4
318   1665.0   12.6   11.4
318   1666.0   12.6   11.4
318   1667.0   12.7   11.3
318   1668.0   0.0   3.8
319   1668.0   12.7   7.3
319   1669.0   12.8   11.2
319   1670.0   12.8   11.2
319   1671.0   12.8   11.2
319   1672.0   12.9   10.8
320   1673.0   12.9   8.9
320   1674.0   12.9   11.1
320   1675.0   13.0   11.0
320   1676.0   13.0   11.0
320   1677.0   13.0   11.0
320   1678.0   2.9   5.5
321   1678.0   10.1   5.5
321   1679.0   13.1   10.9
321   1680.0   13.1   10.9
321   1681.0   13.2   10.8
321   1682.0   13.2   10.8
321   1683.0   0.0   2.6
322   1683.0   13.3   7.2
322   1684.0   13.3   10.7
322   1685.0   13.3   10.7
322   1686.0   13.4   10.6
322   1687.0   13.4   10.6
322   1688.0   13.4   10.6
322   1689.0   0.0   2.8
323   1689.0   13.5   6.7
323   1690.0   13.5   10.5
323   1691.0   13.5   10.5
323   1692.0   13.6   10.4
323   1693.0   1.6   5.2
324   1693.0   11.9   5.2
324   1694.0   13.6   10.4
324   1695.0   13.7   10.3
324   1696.0   13.7   10.3
324   1697.0   13.7   10.3
324   1698.0   1.6   5.1
325   1698.0   11.9   5.1
325   1699.0   13.8   10.2
325   1700.0   13.8   10.2
325   1701.0   13.8   10.2
326   1703.0   9.3   5.1
326   1704.0   13.9   10.1
326   1705.0   13.9   10.1
326   1706.0   14.0   10.0
326   1707.0   12.6   5.0
327   1707.0   1.2   5.0
327   1708.0   14.0   10.0
327   1709.0   14.0   10.0
327   1710.0   14.1   9.9
327   1711.0   14.1   9.9
327   1712.0   14.1   9.9
327   1713.0   1.0   4.9
328   1713.0   12.8   4.9
328   1714.0   14.2   9.8
328   1715.0   14.2   9.8
328   1716.0   14.2   9.8
328   1717.0   14.2   9.8
328   1718.0   14.2   9.8
328   1719.0   0.0   0.9
329   1719.0   14.3   8.7
329   1720.0   14.3   9.7
329   1721.0   14.3   9.7
329   1722.0   14.3   9.7
329   1723.0   14.3   9.7
329   1724.0   0.0   4.1
330   1724.0   12.3   4.8
330   1725.0   14.3   9.7
330   1726.0   14.4   9.6
330   1727.0   14.4   9.6
330   1728.0   14.4   9.6
330   1729.0   0.3   4.8
331   1729.0   14.0   4.8
331   1730.0   14.4   9.6
331   1731.0   14.4   9.6
331   1732.0   14.4   9.6
331   1733.0   14.4   9.6
331   1734.0   0.5   4.8
332   1734.0   13.9   4.8
332   1735.0   14.4   9.6
332   1736.0   14.4   9.6
332   1737.0   14.4   9.6
332   1738.0   14.5   9.5
332   1739.0   4.6   4.8
333   1739.0   9.6   4.8
333   1740.0   14.5   9.5
333   1741.0   14.5   9.5
333   1742.0   14.5   9.5
333   1743.0   14.5   9.5
333   1744.0   4.6   4.8
334   1744.0   9.8   4.8
334   1745.0   14.4   9.6
334   1746.0   14.4   9.6
334   1747.0   14.4   9.6
334   1748.0   14.4   9.6
334   1749.0   14.4   9.6
334   1750.0   0.0   0.4
335   1750.0   14.4   9.0
335   1751.0   14.4   9.6
335   1752.0   14.4   9.6
335   1753.0   14.4   9.6
335   1754.0   0.0   0.5
336   1754.0   14.4   9.0
336   1755.0   14.4   9.6
336   1756.0   14.3   9.7
336   1757.0   14.3   9.7
336   1758.0   14.3   9.7
336   1759.0   0.0   0.4
337   1759.0   14.3   9.1
337   1760.0   14.3   9.7
337   1761.0   14.3   9.7
337   1762.0   14.3   9.7
337   1763.0   14.2   9.8
337   1764.0   0.0   0.9
338   1764.0   5.7   4.9
338   1765.0   14.2   9.8
338   1766.0   14.2   9.8
338   1767.0   14.2   9.8
338   1768.0   14.1   9.9
338   1769.0   3.4   4.9
339   1769.0   10.6   4.9
339   1770.0   14.1   9.9
339   1771.0   14.1   9.9
339   1772.0   14.0   10.0
339   1773.0   14.0   10.0
339   1774.0   14.0   10.0
339   1775.0   0.0   3.0
340   1775.0   14.0   7.0
340   1776.0   13.9   10.1
340   1777.0   13.9   10.1
340   1778.0   13.9   10.1
340   1779.0   13.9   10.0
341   1780.0   9.0   5.1
341   1781.0   13.8   10.2
341   1782.0   13.8   10.2
341   1783.0   13.7   10.3
341   1784.0   13.7   10.3
341   1785.0   13.7   10.3
341   1786.0   0.0   5.0
342   1785.0   12.2   5.2
342   1786.0   13.7   10.3
342   1787.0   13.6   10.4
342   1788.0   13.6   10.4
342   1789.0   13.6   10.4
342   1790.0   13.5   10.5
343   1790.0   8.1   5.2
343   1791.0   13.5   10.5
343   1792.0   13.5   10.5
343   1793.0   13.4   10.6
343   1794.0   13.4   10.6
343   1795.0   0.0   3.5
344   1795.0   13.4   7.0
344   1796.0   13.3   10.7
344   1797.0   13.3   10.7
344   1798.0   13.3   10.7
344   1799.0   13.2   10.8
344   1800.0   0.0   1.0
345   1800.0   13.2   9.7
345   1801.0   13.2   10.8
345   1802.0   13.1   10.9
345   1803.0   13.1   10.9
345   1804.0   13.1   10.9
345   1805.0   4.0   5.5
346   1805.0   8.9   5.5
346   1806.0   13.0   11.0
346   1807.0   12.9   11.1
346   1808.0   12.9   11.1
346   1809.0   12.9   11.1
346   1810.0   12.8   10.3
347   1810.0   0.0   0.8
347   1811.0   12.8   11.2
347   1812.0   12.8   11.2
347   1813.0   12.7   11.3
347   1814.0   12.7   11.3
347   1815.0   12.6   11.4
347   1816.0   0.0   5.5
348   1816.0   12.5   5.7
348   1817.0   12.6   11.4
348   1818.0   12.5   11.5
348   1819.0   12.5   11.5
348   1820.0   12.5   11.5
348   1821.0   3.4   5.8
349   1821.0   8.8   5.8
349   1822.0   12.4   11.6
349   1823.0   12.3   11.7
349   1824.0   12.3   11.7
349   1825.0   3.7   5.9
350   1826.0   8.4   5.9
350   1827.0   12.2   11.8
350   1828.0   12.2   11.8
350   1829.0   12.1   11.9
350   1830.0   12.1   11.9
350   1831.0   0.0   1.6
351   1831.0   6.8   6.0
351   1832.0   12.0   12.0
351   1833.0   12.0   10.6
352   1836.0   6.2   6.1
352   1837.0   11.8   12.2
352   1838.0   11.8   12.2
352   1839.0   11.7   12.3
352   1840.0   11.7   12.3
352   1841.0   11.7   12.3
352   1842.0   0.0   5.8
353   1842.0   11.6   6.6
353   1843.0   11.6   12.4
353   1844.0   11.5   12.5
353   1845.0   11.5   12.5
353   1846.0   0.0   5.8
354   1846.0   11.5   6.6
354   1847.0   11.4   12.6
354   1848.0   11.4   12.6
354   1849.0   11.4   12.6
354   1850.0   11.3   12.7
354   1851.0   0.0   5.8
355   1851.0   11.3   6.7
355   1852.0   11.2   12.8
355   1853.0   11.2   12.8
355   1854.0   11.2   12.8
355   1855.0   11.1   12.9
355   1856.0   0.0   1.4
356   1856.0   7.5   6.4
356   1857.0   11.1   12.9
356   1858.0   11.0   13.0
356   1859.0   11.0   13.0
356   1860.0   9.2   6.5
357   1860.0   1.5   6.5
357   1861.0   10.9   13.1
357   1862.0   10.9   13.1
357   1863.0   10.9   13.1
357   1864.0   10.8   13.2
357   1865.0   10.8   13.2
357   1866.0   0.0   3.9
358   1866.0   5.4   6.6
358   1867.0   10.7   13.3
358   1868.0   10.7   13.3
358   1869.0   10.6   13.4
358   1870.0   10.6   13.4
358   1871.0   10.6   13.4
358   1872.0   2.5   6.7
359   1872.0   7.9   6.7
359   1873.0   10.5   13.5
359   1874.0   10.5   13.5
359   1875.0   10.4   13.6
359   1876.0   10.4   9.5
360   1876.0   0.0   3.9
360   1877.0   10.4   13.6
360   1878.0   10.3   13.7
360   1879.0   10.3   13.7
360   1880.0   10.3   13.7
360   1881.0   10.3   11.6
361   1881.0   0.0   0.6
361   1882.0   10.2   13.8
361   1883.0   10.2   13.8
361   1884.0   10.2   13.8
361   1885.0   10.1   13.9
361   1886.0   10.1   13.9
361   1887.0   0.0   0.2
362   1887.0   10.1   13.2
362   1888.0   10.1   13.9
362   1889.0   10.0   14.0
362   1890.0   10.0   14.0
362   1891.0   10.0   14.0
362   1892.0   3.5   7.0
363   1892.0   6.1   7.0
363   1893.0   9.9   14.1
363   1894.0   9.9   14.1
363   1895.0   9.9   14.1
363   1896.0   9.9   14.1
363   1897.0   2.9   7.1
364   1897.0   6.5   7.1
364   1898.0   9.8   14.2
364   1899.0   9.8   14.2
364   1900.0   9.8   14.2
364   1901.0   9.8   14.2
364   1902.0   9.7   14.3
364   1903.0   0.0   1.8
365   1903.0   9.7   12.4
365   1904.0   9.7   14.3
365   1905.0   9.7   14.3
365   1906.0   9.7   14.3
365   1907.0   0.0   3.9
366   1907.0   9.7   10.0
366   1908.0   9.7   14.3
366   1909.0   9.7   14.3
366   1910.0   9.6   14.4
366   1911.0   9.6   14.4
366   1912.0   0.0   1.8
367   1912.0   9.6   11.0
367   1913.0   9.6   14.4
367   1914.0   9.6   14.4
367   1915.0   9.6   14.4
367   1916.0   9.6   14.4
367   1917.0   0.0   1.5
368   1917.0   9.6   12.7
368   1918.0   9.6   14.4
368   1919.0   9.6   14.4
368   1920.0   9.6   14.4
368   1921.0   9.6   13.2
369   1921.0   0.0   1.1
369   1922.0   9.6   14.4
369   1923.0   9.6   14.4
369   1924.0   9.6   14.4
369   1925.0   9.6   14.4
369   1926.0   9.6   14.4
369   1927.0   0.0   0.5
370   1927.0   9.6   11.5
370   1928.0   9.6   14.4
370   1929.0   9.6   14.4
370   1930.0   9.6   14.4
370   1931.0   9.6   14.4
370   1932.0   9.6   14.4
370   1933.0   0.0   1.9
371   1933.0   9.6   12.4
371   1934.0   9.6   14.4
371   1935.0   9.6   14.4
371   1936.0   9.6   14.4
371   1937.0   9.6   8.3
372   1937.0   0.0   5.7
372   1938.0   9.7   14.3
372   1939.0   9.7   14.3
372   1940.0   9.7   14.3
372   1941.0   9.7   14.3
372   1942.0   9.7   14.3
372   1943.0   0.2   7.1
373   1943.0   9.2   7.1
373   1944.0   9.7   14.3
373   1945.0   9.8   14.2
373   1946.0   9.8   14.2
373   1947.0   9.8   7.2
374   1947.0   0.0   6.9
374   1948.0   9.8   14.2
374   1949.0   9.8   14.2
374   1950.0   9.9   14.1
374   1951.0   9.9   14.1
374   1952.0   9.9   12.5
375   1952.0   0.0   1.4
375   1953.0   9.9   14.1
375   1954.0   10.0   14.0
375   1955.0   10.0   14.0
375   1956.0   10.0   14.0
375   1957.0   10.0   14.0
375   1958.0   0.0   3.4
376   1958.0   10.0   10.4
376   1959.0   10.1   13.9
376   1960.0   10.1   13.9
376   1961.0   10.1   13.9
376   1962.0   10.2   13.8
376   1963.0   10.2   13.8
376   1964.0   0.0   2.9
377   1964.0   10.2   10.6
377   1965.0   10.3   13.7
377   1966.0   10.3   13.7
377   1967.0   10.3   13.7
377   1968.0   10.3   13.7
377   1969.0   4.2   6.8
378   1969.0   6.1   6.8
378   1970.0   10.4   13.6
378   1971.0   10.4   13.6
378   1972.0   10.5   13.5
378   1973.0   10.5   13.5
378   1974.0   1.7   6.7
379   1974.0   8.7   6.7
379   1975.0   10.6   13.4
379   1976.0   10.6   13.4
379   1977.0   10.6   13.4
379   1978.0   10.7   13.3
379   1979.0   1.9   6.7
380   1979.0   8.7   6.7
380   1980.0   10.7   13.3
380   1981.0   10.8   13.2
380   1982.0   10.8   13.2
380   1983.0   10.8   7.3
381   1983.0   0.0   5.1
381   1984.0   10.9   13.1
381   1985.0   10.9   13.1
381   1986.0   10.9   13.1
381   1987.0   11.0   13.0
381   1988.0   11.0   7.8
382   1988.0   0.0   5.1
382   1989.0   11.0   13.0
382   1990.0   11.1   12.9
382   1991.0   11.1   12.9
382   1992.0   11.2   12.8
382   1993.0   0.0   2.9
383   1993.0   11.2   9.8
383   1994.0   11.2   12.8
383   1995.0   11.3   12.7
383   1996.0   11.3   12.7
383   1997.0   0.0   0.9
384   1997.0   11.3   11.5
384   1998.0   11.4   12.6
384   1999.0   11.4   12.6
384   2000.0   11.5   12.5
384   2001.0   11.5   12.5
384   2002.0   0.0   3.6
385   2002.0   11.5   8.7
385   2003.0   11.6   12.4
385   2004.0   11.6   12.4
385   2005.0   11.6   12.4
385   2006.0   11.7   12.2
386   2007.0   10.3   6.1
386   2008.0   11.8   12.2
386   2009.0   11.8   12.2
386   2010.0   11.8   12.2
386   2011.0   11.9   12.1
386   2012.0   0.0   4.8
387   2012.0   11.9   6.7
387   2013.0   11.9   12.1
387   2014.0   12.0   12.0
387   2015.0   12.0   12.0
387   2016.0   12.1   11.9
387   2017.0   0.0   5.0
388   2017.0   12.1   6.9
388   2018.0   12.1   11.9
388   2019.0   12.2   11.8
388   2020.0   12.2   11.8
388   2021.0   12.2   11.8
388   2022.0   11.8   5.9
389   2022.0   0.1   5.9
389   2023.0   12.3   11.7
389   2024.0   12.4   11.6
389   2025.0   12.4   11.6
389   2026.0   12.4   11.6
389   2027.0   0.0   4.1
390   2028.0   12.5   7.3
390   2029.0   12.5   11.5
390   2030.0   12.6   11.4
390   2031.0   12.6   11.4
390   2032.0   12.7   11.3
390   2033.0   1.1   5.6
391   2033.0   11.3   5.6
391   2034.0   12.7   11.3
391   2035.0   12.8   11.2
391   2036.0   12.8   11.2
391   2037.0   12.8   11.2
391   2038.0   0.0   1.3
392   2038.0   12.9   8.7
392   2039.0   12.9   11.1
392   2040.0   13.0   11.0
392   2041.0   13.0   11.0
392   2042.0   13.0   11.0
392   2043.0   0.0   1.1
393   2043.0   13.1   9.6
393   2044.0   13.1   10.9
393   2045.0   13.1   10.9
393   2046.0   13.2   10.8
393   2047.0   13.2   10.8
393   2048.0   0.0   0.7
394   2048.0   13.2   10.0
394   2049.0   13.3   10.7
394   2050.0   13.3   10.7
394   2051.0   13.3   10.7
394   2052.0   13.4   10.6
394   2053.0   13.4   10.6
394   2054.0   1.8   5.3
395   2054.0   11.6   5.3
395   2055.0   13.5   10.5
395   2056.0   13.5   10.5
395   2057.0   13.5   6.5
396   2057.0   0.0   3.9
396   2058.0   13.6   10.4
396   2059.0   13.6   10.4
396   2060.0   13.6   10.4
396   2061.0   13.7   10.3
396   2062.0   13.7   10.3
396   2063.0   9.2   5.1
397   2063.0   3.2   5.1
397   2064.0   13.8   10.2
397   2065.0   13.8   10.2
397   2066.0   13.8   10.2
397   2067.0   13.8   10.2
397   2068.0   0.0   3.5
398   2068.0   13.9   6.6
398   2069.0   13.9   10.1
398   2070.0   13.9   10.1
398   2071.0   14.0   10.0
398   2072.0   14.0   10.0
398   2073.0   0.0   0.4
399   2073.0   14.0   9.5
399   2074.0   14.0   10.0
399   2075.0   14.1   9.9
399   2076.0   14.1   9.9
399   2077.0   11.1   4.9
400   2077.0   2.7   4.9
400   2078.0   14.1   9.9
400   2079.0   14.1   9.9
400   2080.0   14.2   9.8
400   2081.0   14.2   9.8
400   2082.0   14.2   9.8
400   2083.0   10.2   4.9
401   2083.0   3.8   4.9
401   2084.0   14.3   9.7
401   2085.0   14.3   9.7
401   2086.0   14.3   9.7
401   2087.0   14.3   9.7
401   2088.0   14.3   9.7
401   2089.0   8.6   4.8
402   2089.0   4.9   4.8
402   2090.0   14.3   9.7
402   2091.0   14.4   9.6
402   2092.0   14.4   9.6
402   2093.0   14.1   4.8
403   2093.0   0.2   4.8
403   2094.0   14.4   9.6
403   2095.0   14.4   9.6
403   2096.0   14.4   9.6
403   2097.0   14.4   9.6
403   2098.0   14.4   9.6
403   2099.0   4.5   4.8
404   2099.0   9.7   4.8
404   2100.0   14.4   9.6
404   2101.0   14.4   9.6
404   2102.0   14.4   9.6
404   2103.0   14.5   9.5
404   2104.0   3.4   4.8
405   2104.0   10.8   4.8
405   2105.0   14.5   9.5
405   2106.0   14.5   9.5
405   2107.0   14.5   9.5
405   2108.0   14.5   9.5
405   2109.0   0.0   2.2
406   2109.0   14.5   7.1
406   2110.0   14.4   9.6
406   2111.0   14.4   9.6
406   2112.0   14.4   9.6
406   2113.0   14.4   9.6
406   2114.0   14.4   9.6
406   2115.0   0.4   4.8
407   2119.0   14.4   6.2
407   2120.0   14.4   9.6
407   2121.0   14.4   9.6
407   2122.0   14.3   9.7
407   2123.0   14.3   9.7
407   2124.0   9.5   4.8
408   2124.0   4.8   4.8
408   2125.0   14.3   9.7
408   2126.0   14.3   9.7
408   2127.0   14.3   9.7
408   2128.0   14.2   9.8
408   2129.0   0.0   4.0
409   2129.0   8.5   4.9
409   2130.0   14.2   9.8
409   2131.0   14.2   9.8
409   2132.0   14.2   9.8
409   2133.0   11.3   4.9
410   2133.0   2.8   4.9
410   2134.0   14.1   9.9
410   2135.0   14.1   9.9
410   2136.0   14.1   9.5
411   2139.0   10.9   5.0
411   2140.0   14.0   10.0
411   2141.0   14.0   10.0
411   2142.0   13.9   10.1
411   2143.0   13.9   10.1
411   2144.0   13.9   10.1
411   2145.0   3.0   5.1
412   2145.0   10.8   5.1
412   2146.0   13.8   10.2
412   2147.0   13.8   10.2
412   2148.0   13.8   10.2
412   2149.0   13.7   10.3
412   2150.0   2.9   5.2
413   2150.0   10.7   5.2
413   2151.0   13.7   10.3
413   2152.0   13.6   10.4
413   2153.0   13.6   10.4
413   2154.0   13.6   10.4
413   2155.0   0.0   3.8
414   2155.0   13.5   6.5
414   2156.0   13.5   10.5
414   2157.0   13.5   10.5
414   2158.0   13.4   10.6
414   2159.0   13.4   10.6
414   2160.0   3.0   5.3
415   2160.0   10.1   5.3
415   2161.0   13.3   10.7
415   2162.0   13.3   10.7
415   2163.0   13.3   10.7
415   2164.0   13.2   10.8
415   2165.0   13.2   9.2
416   2164.0   0.0   1.6
416   2165.0   13.2   10.8
416   2166.0   13.2   10.8
416   2167.0   13.1   10.9
416   2168.0   13.1   10.9
416   2169.0   13.1   10.9
416   2170.0   0.0   5.5
417   2170.0   9.2   5.5
417   2171.0   13.0   11.0
417   2172.0   13.0   11.0
417   2173.0   12.9   11.1
417   2174.0   12.9   11.1
417   2175.0   0.0   0.2
418   2176.0   12.6   5.6
418   2177.0   12.8   11.2
418   2178.0   12.7   11.3
418   2179.0   12.7   11.3
418   2180.0   12.7   11.3
418   2181.0   0.0   0.5
419   2181.0   12.6   10.8
419   2182.0   12.6   11.4
419   2183.0   12.5   11.5
419   2184.0   12.5   11.5
419   2185.0   12.5   11.5
419   2186.0   0.0   0.8
420   2186.0   12.4   9.0
420   2187.0   12.4   11.6
420   2188.0   12.4   11.6
420   2189.0   12.3   11.7
420   2190.0   12.3   11.7
420   2191.0   5.2   5.9
421   2191.0   6.5   5.9
421   2192.0   12.2   11.8
421   2193.0   12.2   11.8
421   2194.0   12.1   11.9
421   2195.0   12.1   11.9
421   2196.0   0.0   2.2
422   2196.0   12.1   9.3
422   2197.0   12.0   12.0
422   2198.0   12.0   12.0
422   2199.0   11.9   12.1
422   2200.0   11.9   9.1
423   2200.0   0.0   2.2
423   2201.0   11.9   12.1
423   2202.0   11.8   12.2
423   2203.0   11.8   12.2
423   2204.0   11.7   12.3
423   2205.0   11.7   12.3
423   2206.0   11.7   12.3
423   2207.0   11.6   12.2
424   2207.0   11.6   12.4
424   2208.0   11.6   12.4
424   2209.0   11.6   12.4
424   2210.0   11.5   12.5
424   2211.0   4.0   6.3
425   2211.0   7.4   6.3
425   2212.0   11.4   12.6
425   2213.0   11.4   12.6
425   2214.0   11.4   12.6
425   2215.0   11.3   8.8
426   2215.0   0.0   2.4
426   2216.0   11.3   12.7
426   2217.0   11.3   12.7
426   2218.0   11.2   12.8
426   2219.0   11.2   12.8
426   2220.0   11.2   12.8
426   2221.0   11.1   12.2
427   2221.0   11.1   11.5
427   2222.0   11.1   12.9
427   2223.0   11.0   13.0
427   2224.0   11.0   13.0
427   2225.0   11.0   13.0
427   2226.0   7.4   6.5
428   2226.0   3.1   6.5
428   2227.0   10.9   13.1
428   2228.0   10.9   13.1
428   2229.0   10.8   13.2
428   2230.0   9.4   6.6
429   2230.0   1.2   6.6
429   2231.0   10.8   13.2
429   2232.0   10.7   13.3
429   2233.0   10.7   13.3
429   2234.0   10.6   13.4
429   2235.0   10.6   13.4
429   2236.0   0.0   4.0
430   2255.0   0.0   6.7
430   2256.0   10.0   14.0
430   2257.0   10.0   14.0
430   2258.0   9.9   14.1
430   2259.0   9.9   14.1
430   2260.0   9.9   14.1
430   2261.0   9.9   13.6
431   2261.0   0.5   7.1
431   2262.0   9.9   14.1
431   2263.0   9.8   14.2
431   2264.0   9.8   14.2
431   2265.0   9.8   14.2
431   2266.0   9.8   14.2
431   2267.0   9.8   14.2
431   2268.0   6.2   7.1
432   2268.0   3.3   7.1
432   2269.0   9.7   14.3
432   2270.0   9.7   14.3
432   2271.0   9.7   14.1
433   2272.0   9.7   14.3
433   2273.0   9.7   14.3
433   2274.0   9.7   14.3
433   2275.0   9.6   14.4
433   2276.0   9.6   13.7
434   2277.0   9.6   12.9
434   2278.0   9.6   14.4
434   2279.0   9.6   14.4
434   2280.0   9.6   14.4
434   2281.0   9.6   14.4
434   2282.0   5.2   7.2
435   2282.0   4.1   7.2
435   2283.0   9.6   14.4
435   2284.0   9.6   14.4
435   2285.0   9.6   14.4
435   2286.0   9.6   14.4
435   2287.0   0.2   7.2
436   2287.0   9.1   7.2
436   2288.0   9.6   14.4
436   2289.0   9.6   14.4
436   2290.0   9.6   14.4
436   2291.0   9.6   12.5
437   2291.0   0.0   1.6
437   2292.0   9.6   14.4
437   2293.0   9.6   14.4
437   2294.0   9.6   14.4
437   2295.0   9.6   14.4
437   2296.0   9.6   14.4
437   2297.0   9.6   14.4
437   2298.0   0.0   0.7
438   2298.0   9.6   13.6
438   2299.0   9.6   14.4
438   2300.0   9.6   14.4
438   2301.0   9.6   14.4
438   2302.0   9.6   14.4
438   2303.0   5.9   7.2
439   2303.0   3.5   7.2
439   2304.0   9.7   14.3
439   2305.0   9.7   14.3
439   2306.0   9.7   14.3
439   2307.0   9.7   14.3
439   2308.0   0.0   1.3
440   2308.0   9.7   12.9
440   2309.0   9.7   14.3
440   2310.0   9.8   14.2
440   2311.0   9.8   14.2
440   2312.0   9.8   14.2
440   2313.0   0.0   1.0
441   2313.0   9.8   13.2
441   2314.0   9.8   14.2
441   2315.0   9.9   14.1
441   2316.0   9.9   14.1
441   2317.0   9.9   13.8
442   2317.0   0.0   0.1
442   2318.0   9.9   14.1
442   2319.0   9.9   14.1
442   2320.0   10.0   14.0
442   2321.0   10.0   14.0
442   2322.0   10.0   14.0
442   2323.0   0.0   7.0
443   2323.0   9.9   7.0
443   2324.0   10.1   13.9
443   2325.0   10.1   13.9
443   2326.0   10.1   13.9
443   2327.0   10.2   13.8
443   2328.0   10.2   13.8
443   2329.0   1.5   6.9
444   2329.0   8.6   6.9
444   2330.0   10.2   13.8
444   2331.0   10.3   13.7
444   2332.0   10.3   13.7
444   2333.0   10.3   13.7
444   2334.0   1.6   6.8
445   2334.0   8.6   6.8
445   2335.0   10.4   13.6
445   2336.0   10.4   13.6
445   2337.0   10.5   13.5
445   2338.0   10.5   13.5
446   2339.0   4.0   6.7
446   2340.0   10.6   13.4
446   2341.0   10.6   13.4
446   2342.0   10.6   13.4
446   2343.0   10.6   13.4
446   2344.0   0.0   6.5
447   2344.0   10.5   6.7
447   2345.0   10.7   13.3
447   2346.0   10.8   13.2
447   2347.0   10.8   13.2
447   2348.0   10.8   13.2
447   2349.0   0.0   0.1
448   2349.0   10.9   10.1
448   2350.0   10.9   13.1
448   2351.0   10.9   13.1
448   2352.0   11.0   13.0
448   2353.0   7.2   6.5
449   2353.0   0.0   2.5
449   2354.0   11.0   13.0
449   2355.0   11.1   12.9
449   2356.0   4.9   6.4
450   2358.0   6.1   6.4
450   2359.0   11.2   12.8
450   2360.0   11.3   12.7
450   2361.0   11.3   12.7
450   2362.0   1.9   6.3
451   2362.0   9.4   6.3
451   2363.0   11.4   12.6
451   2364.0   11.4   12.6
451   2365.0   11.4   12.6
451   2366.0   11.5   9.5
452   2366.0   0.0   3.0
452   2367.0   11.5   12.5
452   2368.0   11.6   12.4
452   2369.0   11.6   12.4
452   2370.0   11.6   12.4
452   2371.0   11.7   12.3
452   2372.0   0.0   3.1
453   2372.0   11.7   9.1
453   2373.0   11.7   12.3
453   2374.0   11.8   12.2
453   2375.0   11.8   12.2
453   2376.0   11.9   12.1
453   2377.0   7.8   6.1
454   2377.0   4.0   6.1
454   2378.0   11.9   12.1
454   2379.0   12.0   12.0
454   2380.0   12.0   12.0
454   2381.0   12.1   11.9
454   2382.0   7.9   6.0
455   2382.0   3.9   6.0
455   2383.0   12.1   11.9
455   2384.0   12.2   11.8
455   2385.0   12.2   11.8
455   2386.0   12.2   11.8
455   2387.0   12.3   11.7
455   2388.0   0.0   1.6
456   2388.0   12.3   9.6
456   2389.0   12.4   11.6
456   2390.0   12.4   11.6
456   2391.0   12.4   11.6
456   2392.0   12.5   11.5
456   2393.0   7.2   5.7
457   2393.0   5.3   5.7
457   2394.0   12.5   11.5
457   2395.0   12.6   11.4
457   2396.0   12.6   11.4
457   2397.0   12.7   11.3
457   2398.0   0.0   0.8
458   2398.0   12.7   10.4
458   2399.0   12.7   11.3
458   2400.0   12.8   11.2
458   2401.0   12.8   11.2
458   2402.0   12.8   8.6
459   2402.0   0.0   2.3
459   2403.0   12.9   11.1
459   2404.0   12.9   11.1
459   2405.0   13.0   11.0
459   2406.0   13.0   11.0
459   2407.0   13.0   11.0
459   2408.0   0.0   2.3
460   2408.0   13.1   8.5
460   2409.0   13.1   10.9
460   2410.0   13.1   10.9
460   2411.0   13.2   10.8
460   2412.0   13.2   10.8
460   2413.0   0.0   3.4
461   2413.0   13.2   7.2
461   2414.0   13.3   10.7
461   2415.0   13.3   10.7
461   2416.0   13.3   10.7
461   2417.0   13.4   10.6
461   2418.0   13.4   9.8
462   2419.0   13.4   7.9
462   2420.0   13.5   10.5
462   2421.0   13.5   10.5
462   2422.0   13.5   10.5
462   2423.0   0.0   1.2
463   2423.0   13.6   9.1
463   2424.0   13.6   10.4
463   2425.0   13.6   10.4
463   2426.0   13.7   10.3
463   2427.0   13.7   10.3
463   2428.0   6.5   5.1
464   2428.0   6.9   5.1
464   2429.0   13.8   10.2
464   2430.0   13.8   10.2
464   2431.0   13.8   10.2
464   2432.0   13.8   10.2
464   2433.0   0.0   3.8
465   2433.0   13.9   6.3
465   2434.0   13.9   10.1
465   2435.0   13.9   10.1
465   2436.0   14.0   10.0
465   2437.0   14.0   7.9
466   2437.0   0.0   1.9
466   2438.0   14.0   10.0
466   2439.0   14.0   10.0
466   2440.0   14.0   10.0
466   2441.0   14.1   9.9
466   2442.0   10.3   5.0
467   2442.0   3.6   5.0
467   2443.0   14.1   9.9
467   2444.0   14.1   9.9
467   2445.0   14.2   9.8
467   2446.0   14.2   9.8
467   2447.0   14.2   9.8
467   2448.0   14.2   9.1
468   2448.0   0.0   0.5
468   2449.0   14.2   9.8
468   2450.0   14.3   9.7
468   2451.0   14.3   9.7
468   2452.0   14.3   9.7
468   2453.0   14.3   9.7
468   2454.0   0.0   1.9
469   2454.0   14.3   7.6
469   2455.0   14.3   9.7
469   2456.0   14.4   9.6
469   2457.0   14.4   9.6
469   2458.0   14.4   9.6
469   2459.0   3.9   4.8
470   2459.0   10.3   4.8
470   2460.0   14.4   9.6
470   2461.0   14.4   9.6
470   2462.0   14.4   9.6
470   2463.0   14.4   9.6
470   2464.0   0.5   4.8
471   2464.0   13.8   4.8
471   2465.0   14.4   9.6
471   2466.0   14.4   9.6
471   2467.0   14.4   9.6
471   2468.0   14.5   9.5
471   2469.0   0.0   3.6
472   2469.0   14.5   5.8
472   2470.0   14.5   9.5
472   2471.0   14.5   9.5
472   2472.0   14.5   9.5
472   2473.0   11.7   4.8
473   2473.0   2.7   4.8
473   2474.0   14.5   9.5
473   2475.0   14.4   9.6
473   2476.0   14.4   9.6
473   2477.0   14.4   9.6
473   2478.0   14.4   9.6
473   2479.0   14.4   9.6
473   2480.0   3.1   4.8
474   2480.0   11.3   4.8
474   2481.0   14.4   9.6
474   2482.0   14.4   9.6
474   2483.0   14.4   9.3
475   2484.0   14.4   9.2
475   2485.0   14.4   9.6
475   2486.0   14.4   9.6
475   2487.0   14.3   9.7
475   2488.0   14.3   9.7
475   2489.0   14.3   9.7
475   2490.0   14.3   9.7
475   2491.0   0.0   2.0
476   2491.0   14.3   7.4
476   2492.0   14.3   9.7
476   2493.0   14.3   9.7
476   2494.0   0.0   2.1
477   2494.0   14.2   7.6
477   2495.0   14.2   9.8
477   2496.0   14.2   9.8
477   2497.0   14.2   9.8
477   2498.0   14.1   9.9
477   2499.0   0.0   4.9
478   2499.0   13.8   4.9
478   2500.0   14.1   9.9
478   2501.0   14.1   9.9
478   2502.0   14.1   9.9
478   2503.0   14.0   10.0
478   2504.0   0.1   5.0
479   2504.0   13.5   5.0
479   2505.0   14.0   10.0
479   2506.0   14.0   10.0
479   2507.0   13.9   10.1
479   2508.0   13.9   10.1
479   2509.0   0.0   0.4
480   2510.0   13.8   9.3
480   2511.0   13.8   10.2
480   2512.0   13.8   10.2
480   2513.0   13.8   10.2
480   2514.0   13.7   10.3
480   2515.0   0.0   0.6
481   2515.0   13.7   9.4
481   2516.0   13.7   10.3
481   2517.0   13.6   10.4
481   2518.0   13.6   10.4
481   2519.0   0.0   0.8
482   2520.0   13.5   9.6
482   2521.0   13.5   10.5
482   2522.0   13.5   10.5
482   2523.0   13.4   10.6
482   2524.0   13.4   10.6
482   2525.0   0.0   0.7
483   2525.0   13.4   9.8
483   2526.0   13.3   10.7
483   2527.0   13.3   10.7
483   2528.0   13.3   10.7
483   2529.0   13.2   10.8
483   2530.0   1.0   5.4
484   2530.0   12.1   5.4
484   2531.0   13.2   10.8
484   2532.0   13.1   10.9
484   2533.0   13.1   10.9
484   2534.0   13.1   10.9
484   2535.0   0.0   3.8
485   2535.0   13.0   7.1
485   2536.0   13.0   11.0
485   2537.0   13.0   11.0
485   2538.0   12.9   11.1
485   2539.0   12.9   11.1
485   2540.0   12.8   11.2
485   2541.0   0.3   5.6
486   2541.0   12.5   5.6
486   2542.0   12.8   11.2
486   2543.0   12.7   11.3
486   2544.0   12.7   11.3
486   2545.0   12.7   11.3
486   2546.0   2.9   5.7
487   2546.0   9.6   5.7
487   2547.0   12.6   11.4
487   2548.0   12.5   11.5
487   2549.0   12.5   11.5
487   2550.0   12.5   11.5
487   2551.0   2.7   5.8
488   2551.0   9.3   5.8
488   2552.0   12.4   11.6
488   2553.0   12.4   11.6
488   2554.0   12.3   11.7
488   2555.0   12.3   11.7
488   2556.0   0.0   1.0
489   2556.0   12.2   9.5
489   2557.0   12.2   11.8
489   2558.0   12.2   11.8
489   2559.0   12.1   11.9
489   2560.0   12.1   11.9
489   2561.0   0.0   1.2
490   2561.0   12.1   7.4
490   2562.0   12.0   12.0
490   2563.0   12.0   12.0
490   2564.0   11.9   12.1
490   2565.0   11.6   6.0
491   2565.0   0.0   6.0
491   2566.0   11.9   12.1
491   2567.0   11.8   12.2
491   2568.0   11.8   12.2
491   2569.0   11.8   12.2
491   2570.0   11.7   12.3
491   2571.0   11.7   12.3
491   2572.0   0.0   2.1
492   2572.0   11.6   10.1
492   2573.0   11.6   12.4
492   2574.0   11.6   12.4
492   2575.0   11.5   12.5
492   2576.0   0.0   2.2
493   2576.0   11.5   10.3
493   2577.0   11.5   12.5
493   2578.0   11.4   12.6
493   2579.0   11.4   12.6
493   2580.0   11.3   12.7
493   2581.0   0.0   4.0
494   2581.0   11.3   8.5
494   2582.0   11.3   12.7
494   2583.0   11.2   12.8
494   2584.0   11.2   12.8
494   2585.0   11.2   12.8
494   2586.0   0.0   4.0
495   2586.0   11.1   8.7
495   2587.0   11.1   12.9
495   2588.0   11.0   13.0
495   2589.0   11.0   13.0
495   2590.0   11.0   13.0
495   2591.0   10.9   12.6
496   2592.0   10.9   11.3
496   2593.0   10.9   13.1
496   2594.0   10.8   13.2
496   2595.0   10.8   13.2
496   2596.0   0.0   4.0
497   2596.0   10.8   9.1
497   2597.0   10.7   13.3
497   2598.0   10.7   13.3
497   2599.0   10.7   13.3
497   2600.0   10.6   13.4
497   2601.0   10.6   13.4
497   2602.0   0.0   1.7
498   2602.0   10.6   11.6
498   2603.0   10.5   13.5
498   2604.0   10.5   13.5
498   2605.0   10.5   13.5
498   2606.0   10.4   13.6
498   2607.0   0.0   1.7
499   2607.0   10.4   11.7
499   2608.0   10.4   13.6
499   2609.0   10.3   13.7
499   2610.0   10.3   13.7
499   2611.0   10.3   13.7
499   2612.0   0.0   1.4
500   2612.0   10.3   11.9
500   2613.0   10.2   13.8
500   2614.0   10.2   13.8
500   2615.0   10.2   13.8
500   2616.0   10.1   13.9
500   2617.0   1.3   6.9
501   2617.0   8.6   6.9
501   2618.0   10.1   13.9
501   2619.0   10.0   14.0
501   2620.0   10.0   14.0
501   2621.0   10.0   14.0
501   2622.0   0.0   0.9
502   2622.0   10.0   13.0
502   2623.0   10.0   14.0
502   2624.0   9.9   14.1
502   2625.0   9.9   14.1
502   2626.0   9.9   14.1
502   2627.0   5.1   7.1
503   2633.0   9.7   10.5
503   2634.0   9.7   14.3
503   2635.0   9.7   14.3
503   2636.0   9.7   14.3
503   2637.0   0.0   2.3
504   2637.0   9.7   10.6
504   2638.0   9.7   14.3
504   2639.0   9.7   14.3
504   2640.0   9.6   14.4
504   2641.0   9.6   14.4
504   2642.0   0.0   6.4
505   2642.0   9.6   7.7
505   2643.0   9.6   14.4
505   2644.0   9.6   14.4
505   2645.0   9.6   14.4
505   2646.0   9.6   11.8
506   2646.0   0.0   2.5
506   2647.0   9.6   14.4
506   2648.0   9.6   14.4
506   2649.0   9.6   14.4
506   2650.0   9.6   14.4
506   2651.0   9.6   14.4
506   2652.0   0.0   2.0
507   2652.0   9.6   9.6
507   2653.0   9.6   14.4
507   2654.0   9.6   14.4
507   2655.0   9.6   14.4
507   2656.0   9.6   14.4
507   2657.0   0.0   5.6
508   2657.0   9.6   8.8
508   2658.0   9.6   14.4
508   2659.0   9.6   14.4
508   2660.0   9.6   14.4
508   2661.0   9.6   14.4
508   2662.0   9.6   14.4
508   2663.0   0.0   5.7
509   2663.0   9.6   8.4
509   2664.0   9.6   14.4
509   2665.0   9.6   14.4
509   2666.0   9.6   14.4
509   2667.0   9.6   14.4
509   2668.0   2.2   7.2
510   2668.0   7.2   7.2
510   2669.0   9.7   14.3
510   2670.0   9.7   14.3
510   2671.0   9.7   14.3
510   2672.0   9.7   14.3
510   2673.0   2.2   7.1
511   2673.0   7.2   7.1
511   2674.0   9.7   14.3
511   2675.0   9.7   14.3
511   2676.0   9.8   14.2
511   2677.0   9.8   14.2
511   2678.0   0.2   7.1
512   2678.0   9.4   7.1
512   2679.0   9.8   14.2
512   2680.0   9.8   14.2
512   2681.0   9.9   14.1
512   2682.0   0.0   0.4
513   2683.0   4.9   7.0
513   2684.0   9.9   14.1
513   2685.0   10.0   14.0
513   2686.0   10.0   14.0
513   2687.0   10.0   14.0
513   2688.0   0.0   1.1
514   2688.0   10.0   10.0
514   2689.0   10.1   13.9
514   2690.0   10.1   13.9
514   2691.0   10.1   13.9
514   2692.0   10.1   13.9
514   2693.0   10.2   13.8
514   2694.0   0.0   1.3
515   2694.0   10.2   12.4
515   2695.0   10.2   13.8
515   2696.0   10.3   13.7
515   2697.0   10.3   13.7
515   2698.0   10.3   7.8
516   2698.0   0.0   5.8
516   2699.0   10.3   13.7
516   2700.0   10.4   13.6
516   2701.0   10.4   13.6
516   2702.0   10.4   13.6
516   2703.0   10.0   6.8
517   2703.0   0.3   6.8
517   2704.0   10.5   13.5
517   2705.0   10.5   13.5
517   2706.0   10.6   13.4
517   2707.0   10.6   13.4
517   2708.0   10.6   13.4
517   2709.0   0.0   6.1
518   2709.0   10.7   7.1
518   2710.0   10.7   13.3
518   2711.0   10.7   13.3
518   2712.0   10.8   13.2
518   2713.0   10.8   13.2
518   2714.0   4.0   6.6
519   2714.0   6.5   6.6
519   2715.0   10.9   13.1
519   2716.0   10.9   13.1
519   2717.0   11.0   13.0
519   2718.0   11.0   13.0
519   2719.0   7.7   6.5
520   2719.0   3.1   6.5
520   2720.0   11.1   12.9
520   2721.0   11.1   12.9
520   2722.0   11.1   12.9
520   2723.0   11.2   12.8
520   2724.0   7.9   6.4
521   2724.0   3.1   6.4
521   2725.0   11.2   12.8
521   2726.0   11.3   12.7
521   2727.0   11.3   12.7
521   2728.0   0.0   1.6
522   2728.0   11.4   10.5
522   2729.0   11.4   12.6
522   2730.0   11.4   12.6
522   2731.0   11.5   12.5
522   2732.0   9.7   6.2
523   2732.0   1.6   6.2
523   2733.0   11.5   12.5
523   2734.0   11.6   12.4
523   2735.0   11.6   12.4
523   2736.0   11.7   12.3
523   2737.0   11.7   12.3
523   2738.0   6.3   6.1
524   2738.0   5.3   6.1
524   2739.0   11.8   12.2
524   2740.0   11.8   12.2
524   2741.0   11.8   12.2
524   2742.0   11.9   12.1
524   2743.0   6.3   6.0
525   2743.0   5.3   6.0
525   2744.0   12.0   12.0
525   2745.0   12.0   12.0
525   2746.0   12.0   12.0
525   2747.0   12.1   11.9
525   2748.0   1.8   5.9
526   2748.0   10.0   5.9
526   2749.0   12.2   11.8
526   2750.0   12.2   11.8
526   2751.0   12.2   11.8
526   2752.0   12.3   11.7
526   2753.0   12.3   11.7
526   2754.0   2.1   5.8
527   2754.0   10.1   5.8
527   2755.0   12.4   11.6
527   2756.0   12.4   11.6
527   2757.0   12.5   11.5
527   2758.0   12.5   11.2
528   2759.0   8.3   5.7
528   2760.0   12.6   11.4
528   2761.0   12.6   11.4
528   2762.0   12.6   11.4
528   2763.0   12.7   11.3
528   2764.0   0.0   3.2
529   2764.0   12.7   8.0
529   2765.0   12.8   11.2
529   2766.0   12.8   11.2
529   2767.0   12.8   11.2
529   2768.0   12.7   5.6
530   2768.0   0.0   5.4
530   2769.0   12.9   11.1
530   2770.0   12.9   11.1
530   2771.0   13.0   11.0
530   2772.0   13.0   11.0
530   2773.0   13.1   10.9
530   2774.0   0.0   1.1
531   2774.0   13.1   7.5
531   2775.0   13.1   10.9
531   2776.0   13.2   10.8
531   2777.0   13.2   10.8
531   2778.0   3.1   5.4
532   2779.0   9.9   5.4
532   2780.0   13.3   10.7
532   2781.0   13.3   10.7
532   2782.0   13.4   10.6
532   2783.0   13.4   10.6
532   2784.0   13.4   7.8
533   2784.0   0.0   2.4
533   2785.0   13.5   10.5
533   2786.0   13.5   10.5
533   2787.0   13.5   10.5
533   2788.0   13.6   9.8
534   2788.0   0.0   0.4
534   2789.0   13.6   10.4
534   2790.0   13.6   10.4
534   2791.0   13.7   10.3
534   2792.0   13.7   10.3
534   2793.0   13.7   10.3
534   2794.0   5.3   5.1
535   2794.0   8.3   5.1
535   2795.0   13.8   10.2
535   2796.0   13.8   10.2
535   2797.0   13.8   10.2
535   2798.0   13.9   10.1
535   2799.0   3.9   5.1
536   2799.0   9.8   5.1
536   2800.0   13.9   10.1
536   2801.0   13.9   10.1
537   2823.0   7.3   4.8
537   2824.0   14.4   9.6
537   2825.0   6.8   4.8
538   2825.0   7.4   4.8
538   2826.0   14.4   9.6
538   2827.0   14.4   9.6
538   2828.0   14.4   9.6
538   2829.0   12.0   4.8
539   2829.0   2.0   4.8
539   2830.0   14.4   9.6
539   2831.0   14.4   9.6
539   2832.0   14.4   9.6
539   2833.0   14.4   9.6
539   2834.0   14.5   9.5
539   2835.0   3.0   4.8
540   2835.0   11.4   4.8
540   2836.0   14.5   9.5
540   2837.0   14.5   9.5
540   2838.0   14.5   9.5
540   2839.0   14.5   9.5
540   2840.0   1.9   4.8
541   2840.0   12.1   4.8
541   2841.0   14.4   9.6
541   2842.0   14.4   9.6
541   2843.0   14.4   9.6
541   2844.0   14.4   9.6
541   2845.0   14.4   9.6
541   2846.0   0.0   4.6
542   2846.0   14.4   4.8
542   2847.0   14.4   9.6
542   2848.0   14.4   9.6
542   2849.0   14.4   9.6
542   2850.0   0.0   4.6
543   2850.0   14.1   4.8
543   2851.0   14.4   9.6
543   2852.0   14.3   9.7
543   2853.0   14.3   9.7
543   2854.0   14.3   9.7
543   2855.0   0.0   2.2
544   2855.0   14.3   7.4
544   2856.0   14.3   9.7
544   2857.0   14.3   9.7
544   2858.0   14.3   9.7
544   2859.0   14.2   9.8
544   2860.0   0.0   2.9
545   2860.0   13.2   4.9
545   2861.0   14.2   9.8
545   2862.0   14.2   9.8
545   2863.0   14.2   9.8
545   2864.0   14.1   9.9
545   2865.0   0.0   2.3
546   2865.0   14.1   7.5
546   2866.0   14.1   9.9
546   2867.0   14.1   9.9
546   2868.0   14.0   10.0
546   2869.0   14.0   10.0
546   2870.0   0.0   0.5
547   2870.0   14.0   9.4
547   2871.0   14.0   10.0
547   2872.0   13.9   10.1
547   2873.0   13.9   10.1
547   2874.0   13.9   10.1
547   2875.0   13.9   10.1
547   2876.0   0.5   5.1
548   2876.0   13.2   5.1
548   2877.0   0.0   4.8
549   2890.0   6.8   5.3
549   2891.0   13.4   10.6
549   2892.0   13.3   10.4
550   2902.0   13.0   7.0
550   2903.0   12.9   11.1
550   2904.0   12.9   11.1
550   2905.0   12.9   11.1
550   2906.0   0.0   0.2
551   2907.0   12.8   10.6
551   2908.0   12.8   11.2
551   2909.0   12.7   11.3
551   2910.0   12.7   11.3
551   2911.0   12.6   11.4
551   2912.0   0.0   2.8
552   2912.0   12.6   8.4
552   2913.0   12.6   11.4
552   2914.0   12.5   11.5
552   2915.0   12.5   11.5
552   2916.0   12.5   11.5
552   2917.0   1.8   5.8
553   2917.0   10.4   5.8
553   2918.0   12.4   11.6
553   2919.0   12.3   11.7
553   2920.0   12.3   11.7
553   2921.0   12.3   11.7
553   2922.0   3.2   5.9
554   2922.0   8.9   5.9
554   2923.0   12.2   11.8
554   2924.0   12.2   11.8
554   2925.0   12.1   11.9
554   2926.0   12.1   11.9
554   2927.0   7.1   6.0
555   2927.0   4.7   6.0
555   2928.0   12.0   12.0
555   2929.0   12.0   12.0
555   2930.0   11.9   12.1
555   2931.0   11.9   12.1
555   2932.0   0.0   3.1
556   2932.0   11.8   8.7
556   2933.0   11.8   12.2
556   2934.0   11.8   12.2
556   2935.0   11.7   12.3
556   2936.0   11.7   12.3
556   2937.0   11.7   10.1
557   2938.0   11.6   8.9
557   2939.0   11.6   12.4
557   2940.0   11.5   12.5
557   2941.0   11.5   12.5
557   2942.0   8.6   6.3
558   2942.0   2.8   6.3
558   2943.0   11.4   12.6
558   2944.0   11.4   12.6
558   2945.0   11.4   12.6
558   2946.0   11.3   12.5
559   2947.0   11.3   12.7
559   2948.0   11.2   12.8
559   2949.0   11.2   12.8
559   2950.0   11.2   12.8
559   2951.0   11.1   12.8
560   2952.0   11.1   12.9
560   2953.0   11.1   12.9
560   2954.0   11.0   13.0
560   2955.0   11.0   13.0
560   2956.0   10.9   13.1
560   2957.0   0.0   1.9
561   2957.0   10.9   10.9
561   2958.0   10.9   13.1
561   2959.0   10.8   13.2
561   2960.0   10.8   13.2
561   2961.0   3.3   6.6
562   2962.0   10.7   7.9
562   2963.0   10.7   13.3
562   2964.0   10.7   13.3
562   2965.0   10.6   13.4
562   2966.0   10.6   13.4
562   2967.0   10.6   13.4
562   2968.0   0.2   6.7
563   2968.0   10.1   6.7
563   2969.0   10.5   13.5
563   2970.0   10.5   13.5
563   2971.0   10.4   13.6
563   2972.0   8.9   6.8
564   2972.0   1.4   6.8
564   2973.0   10.4   13.6
564   2974.0   10.3   13.7
564   2975.0   10.3   13.7
564   2976.0   10.3   13.7
564   2977.0   8.7   6.9
565   2977.0   1.3   6.9
565   2978.0   10.2   13.8
565   2979.0   10.2   13.8
565   2980.0   10.2   13.8
565   2981.0   10.1   13.9
565   2982.0   10.1   13.9
565   2983.0   0.0   0.7
566   2983.0   10.1   12.9
566   2984.0   10.1   13.9
566   2985.0   10.0   14.0
566   2986.0   10.0   14.0
566   2987.0   10.0   14.0
566   2988.0   3.4   7.0
567   2988.0   6.1   7.0
567   2989.0   9.9   14.1
567   2990.0   9.9   14.1
567   2991.0   9.9   14.1
567   2992.0   9.9   14.1
567   2993.0   0.3   7.1
568   2993.0   9.5   7.1
568   2994.0   9.8   14.2
568   2995.0   9.8   14.2
568   2996.0   9.8   14.2
568   2997.0   9.8   14.2
568   2998.0   9.7   14.3
568   2999.0   0.0   2.6
569   2999.0   9.7   11.5
569   3000.0   9.7   14.3
569   3001.0   9.7   14.3
569   3002.0   9.7   8.4
570   3002.0   0.0   5.8
570   3003.0   9.7   14.3
570   3004.0   9.7   14.3
570   3005.0   9.6   14.4
570   3006.0   9.6   14.4
570   3007.0   9.6   14.4
570   3008.0   1.8   7.2
571   3008.0   7.5   7.2
571   3009.0   9.6   14.4
571   3010.0   9.6   14.4
571   3011.0   9.6   14.4
571   3012.0   9.6   8.5
572   3012.0   0.0   5.7
572   3013.0   9.6   14.4
572   3014.0   9.6   14.4
572   3015.0   9.6   14.4
572   3016.0   9.6   14.4
572   3017.0   9.6   8.6
573   3017.0   0.0   5.7
573   3018.0   9.6   14.4
573   3019.0   9.6   14.4
573   3020.0   9.6   14.4
573   3021.0   9.6   14.4
573   3022.0   9.2   7.2
574   3022.0   0.0   7.2
574   3023.0   9.6   14.4
574   3024.0   9.6   14.4
574   3025.0   9.6   14.4
574   3026.0   9.6   14.4
574   3027.0   9.6   14.4
574   3028.0   9.6   14.4
574   3029.0   0.0   5.2
575   3029.0   9.6   9.0
575   3030.0   9.6   14.4
575   3031.0   9.6   14.4
575   3032.0   9.6   14.4
575   3033.0   9.6   14.0
576   3034.0   7.5   7.2
576   3035.0   9.7   14.3
576   3036.0   9.7   14.3
576   3037.0   9.7   14.3
576   3038.0   9.7   14.3
576   3039.0   0.0   7.1
577   3039.0   9.3   7.1
577   3040.0   9.7   14.3
577   3041.0   9.8   14.2
577   3042.0   9.8   14.2
577   3043.0   9.8   7.3
578   3043.0   0.0   6.4
578   3044.0   9.8   14.2
578   3045.0   9.8   14.2
578   3046.0   9.9   14.1
578   3047.0   9.9   14.1
578   3048.0   1.5   7.0
579   3049.0   5.9   7.0
579   3050.0   10.0   14.0
579   3051.0   10.0   14.0
579   3052.0   10.0   14.0
579   3053.0   10.0   14.0
579   3054.0   0.0   6.8
580   3054.0   10.1   7.2
580   3055.0   10.1   13.9
580   3056.0   10.1   13.9
580   3057.0   10.1   13.9
580   3058.0   10.2   13.8
580   3059.0   0.0   3.7
581   3060.0   10.2   9.1
581   3061.0   10.3   13.7
581   3062.0   10.3   13.7
581   3063.0   10.3   13.7
581   3064.0   4.5   6.8
582   3068.0   2.6   6.8
582   3069.0   10.5   13.5
582   3070.0   0.0   5.7
583   3070.0   10.5   7.8
583   3071.0   10.6   13.4
583   3072.0   10.6   13.4
583   3073.0   10.6   13.4
583   3074.0   0.0   1.6
584   3082.0   10.3   6.5
584   3083.0   11.0   13.0
584   3084.0   0.0   4.3
585   3084.0   0.0   6.1
585   3085.0   11.1   12.9
585   3086.0   11.1   12.9
585   3087.0   11.1   12.9
585   3088.0   11.2   12.8
585   3089.0   0.0   0.1
586   3089.0   11.2   10.2
586   3090.0   11.2   12.8
586   3091.0   11.3   12.7
586   3092.0   11.3   12.7
586   3093.0   0.0   4.9
587   3093.0   11.4   7.7
587   3094.0   11.4   12.6
587   3095.0   11.4   12.6
587   3096.0   11.5   12.5
587   3097.0   0.0   2.8
588   3098.0   9.3   6.2
588   3099.0   11.6   12.4
588   3100.0   11.6   12.4
588   3101.0   11.7   12.3
588   3102.0   2.5   6.2
589   3103.0   11.7   9.9
589   3104.0   11.8   12.2
589   3105.0   11.8   12.2
589   3106.0   11.8   12.2
589   3107.0   11.9   12.1
589   3108.0   0.0   3.7
590   3108.0   11.9   8.1
590   3109.0   12.0   12.0
590   3110.0   12.0   12.0
590   3111.0   12.0   12.0
590   3112.0   12.1   11.9
590   3113.0   0.0   3.8
591   3113.0   12.1   7.9
591   3114.0   12.2   11.8
591   3115.0   12.2   11.8
591   3116.0   12.2   11.8
591   3117.0   12.3   11.7
591   3118.0   12.3   9.2
592   3118.0   0.0   2.0
592   3119.0   12.3   11.7
592   3120.0   12.4   11.6
592   3121.0   12.4   11.6
592   3122.0   12.5   11.5
592   3123.0   12.5   9.1
593   3123.0   0.0   2.0
593   3124.0   12.5   11.5
593   3125.0   12.6   11.4
593   3126.0   12.6   11.4
593   3127.0   12.6   11.4
593   3128.0   12.7   9.1
594   3128.0   0.0   2.1
594   3129.0   12.7   11.3
594   3130.0   12.8   11.2
594   3131.0   12.8   11.2
594   3132.0   12.8   11.2
594   3133.0   12.9   11.1
595   3134.0   7.3   5.6
595   3135.0   12.9   11.1
595   3136.0   13.0   11.0
595   3137.0   13.0   11.0
595   3138.0   13.0   11.0
595   3139.0   0.0   0.1
596   3139.0   5.8   5.5
596   3140.0   13.1   10.9
596   3141.0   13.1   10.9
596   3142.0   13.2   10.8
596   3143.0   13.2   10.8
596   3144.0   1.3   5.4
597   3144.0   11.9   5.4
597   3145.0   13.3   10.7
597   3146.0   13.3   10.7
597   3147.0   13.4   10.6
597   3148.0   13.4   10.6
597   3149.0   13.4   10.6
597   3150.0   1.5   5.3
598   3154.0   11.8   5.2
598   3155.0   13.6   10.4
598   3156.0   13.7   10.3
598   3157.0   13.7   10.3
598   3158.0   13.7   10.3
598   3159.0   6.3   5.1
599   3159.0   7.2   5.1
599   3160.0   13.8   10.2
599   3161.0   13.8   10.2
599   3162.0   13.8   10.2
599   3163.0   13.9   10.1
599   3164.0   5.5   5.1
600   3164.0   8.2   5.1
600   3165.0   13.9   10.1
600   3166.0   13.9   10.1
600   3167.0   14.0   10.0
600   3168.0   14.0   10.0
600   3169.0   0.0   4.5
601   3169.0   14.0   5.5
601   3170.0   14.0   10.0
601   3171.0   14.1   9.9
601   3172.0   14.1   9.9
601   3173.0   13.2   4.9
602   3173.0   0.4   4.9
602   3174.0   14.1   9.9
602   3175.0   14.2   9.8
602   3176.0   14.2   9.8
602   3177.0   14.2   9.8
602   3178.0   14.2   9.8
602   3179.0   14.2   9.8
602   3180.0   0.0   4.9
603   3180.0   14.1   4.9
603   3181.0   14.3   9.7
603   3182.0   14.3   9.7
603   3183.0   14.3   9.7
603   3184.0   11.4   4.8
604   3184.0   2.9   4.8
604   3185.0   14.3   9.7
604   3186.0   14.3   9.7
604   3187.0   14.4   9.6
604   3188.0   14.4   9.6
604   3189.0   14.4   9.6
604   3190.0   3.6   4.8
605   3190.0   9.4   4.8
605   3191.0   14.4   9.6
605   3192.0   14.4   9.6
605   3193.0   14.4   9.6
605   3194.0   14.4   9.6
605   3195.0   0.0   1.2
606   3195.0   14.4   7.1
606   3196.0   14.4   9.6
606   3197.0   14.4   9.6
606   3198.0   14.4   9.6
606   3199.0   11.1   4.8
607   3199.0   1.9   4.8
607   3200.0   14.5   9.5
607   3201.0   14.5   9.5
607   3202.0   14.5   9.5
607   3203.0   14.5   9.5
607   3204.0   14.5   7.5
608   3204.0   0.0   2.0
608   3205.0   14.4   9.6
608   3206.0   14.4   9.6
608   3207.0   14.4   9.6
608   3208.0   14.4   9.6
608   3209.0   14.4   9.6
608   3210.0   0.0   2.8
609   3211.0   14.4   6.1
609   3212.0   14.4   9.6
609   3213.0   14.4   9.6
609   3214.0   14.4   9.6
609   3215.0   0.0   3.1
610   3215.0   14.4   6.4
610   3216.0   14.4   9.6
610   3217.0   14.3   9.7
610   3218.0   14.3   9.7
610   3219.0   14.3   9.7
611   3220.0   10.8   4.8
611   3221.0   14.3   9.7
611   3222.0   14.3   9.7
611   3223.0   14.3   9.7
611   3224.0   14.2   9.8
611   3225.0   0.0   1.8
612   3225.0   14.2   7.9
612   3226.0   14.2   9.8
612   3227.0   14.2   9.8
612   3228.0   14.2   9.8
612   3229.0   14.1   9.9
612   3230.0   0.0   3.5
613   3230.0   14.1   5.9
613   3231.0   14.1   9.9
613   3232.0   14.1   9.9
613   3233.0   14.0   10.0
613   3234.0   14.0   10.0
613   3235.0   0.0   2.1
614   3262.0   4.9   5.4
614   3263.0   13.1   10.9
614   3264.0   13.1   10.9
614   3265.0   13.1   10.9
614   3266.0   13.0   10.7
615   3266.0   6.8   5.5
615   3267.0   13.0   11.0
615   3268.0   12.9   11.1
615   3269.0   12.9   11.1
615   3270.0   12.9   11.1
615   3271.0   12.8   11.2
615   3272.0   0.0   1.7
616   3272.0   8.8   5.6
616   3273.0   12.8   11.2
616   3274.0   12.7   11.3
616   3275.0   12.7   11.3
616   3276.0   12.6   11.4
616   3277.0   1.4   5.7
617   3277.0   7.9   5.7
617   3278.0   12.6   11.4
617   3279.0   12.5   11.5
617   3280.0   12.5   11.5
617   3281.0   12.5   11.5
617   3282.0   0.0   2.7
618   3282.0   12.4   7.6
618   3283.0   12.4   11.6
618   3284.0   12.3   11.7
618   3285.0   12.3   11.7
618   3286.0   12.3   7.3
619   3287.0   12.2   6.3
619   3288.0   12.2   11.8
619   3289.0   12.2   11.8
619   3290.0   12.1   11.9
619   3291.0   12.1   11.9
619   3292.0   0.0   1.0
620   3292.0   12.0   9.4
620   3293.0   12.0   12.0
620   3294.0   12.0   12.0
620   3295.0   11.9   12.1
620   3296.0   11.9   12.1
620   3297.0   11.8   11.7
621   3297.0   11.8   12.0
621   3298.0   11.8   12.2
621   3299.0   11.8   12.2
621   3300.0   11.7   12.3
621   3301.0   11.7   12.3
621   3302.0   9.8   6.2
622   3302.0   1.6   6.2
622   3303.0   11.6   12.4
622   3304.0   11.6   12.4
622   3305.0   11.5   12.5
622   3306.0   11.5   12.5
622   3307.0   1.7   6.3
623   3307.0   9.6   6.3
623   3308.0   11.4   12.6
623   3309.0   11.4   12.6
623   3310.0   11.4   12.6
623   3311.0   0.7   6.3
624   3312.0   9.5   6.4
624   3313.0   11.2   12.8
624   3314.0   0.0   0.3
625   3317.0   8.7   6.4
625   3318.0   11.1   12.9
625   3319.0   11.0   13.0
625   3320.0   11.0   13.0
625   3321.0   11.0   13.0
625   3322.0   0.0   0.2
626   3322.0   10.9   12.2
626   3323.0   10.9   13.1
626   3324.0   10.9   7.7
627   3328.0   7.8   6.6
627   3329.0   10.7   13.3
627   3330.0   10.6   13.4
627   3331.0   10.6   13.4
627   3332.0   10.6   13.4
627   3333.0   2.4   6.7
628   3333.0   7.8   6.7
628   3334.0   10.5   13.5
628   3335.0   10.5   13.5
628   3336.0   10.4   13.6
628   3337.0   10.4   13.6
628   3338.0   0.0   5.6
629   3338.0   10.4   7.1
629   3339.0   10.3   13.7
629   3340.0   10.3   13.7
629   3341.0   10.3   13.7
629   3342.0   10.3   13.7
629   3343.0   2.9   6.9
630   3343.0   7.1   6.9
630   3344.0   10.2   13.8
630   3345.0   10.2   13.8
630   3346.0   10.1   13.9
630   3347.0   10.1   11.4
631   3347.0   0.0   2.3
631   3348.0   10.1   13.9
631   3349.0   10.1   13.9
631   3350.0   10.0   14.0
631   3351.0   10.0   14.0
631   3352.0   10.0   14.0
631   3353.0   0.0   4.1
632   3353.0   10.0   9.6
632   3354.0   9.9   14.1
632   3355.0   9.9   14.1
632   3356.0   9.9   14.1
632   3357.0   9.9   14.1
632   3358.0   0.0   5.8
633   3358.0   9.8   8.0
633   3359.0   9.8   14.2
633   3360.0   9.8   14.2
633   3361.0   9.8   14.2
633   3362.0   9.8   14.2
633   3363.0   0.0   2.7
634   3364.0   9.7   11.2
634   3365.0   9.7   14.3
634   3366.0   9.7   14.3
634   3367.0   9.7   14.3
634   3368.0   9.7   14.3
634   3369.0   0.0   0.3
635   3369.0   9.7   10.2
635   3370.0   9.7   14.3
635   3371.0   9.6   14.4
635   3372.0   9.6   14.4
635   3373.0   1.8   7.2
636   3373.0   7.6   7.2
636   3374.0   9.6   14.4
636   3375.0   9.6   14.4
636   3376.0   9.6   14.4
636   3377.0   9.6   14.4
636   3378.0   4.0   7.2
637   3378.0   5.4   7.2
637   3379.0   9.6   14.4
637   3380.0   9.6   14.4
637   3381.0   9.6   14.4
637   3382.0   9.6   14.4
637   3383.0   0.0   0.4
638   3383.0   9.1   7.2
638   3384.0   9.6   14.4
638   3385.0   9.6   14.4
638   3386.0   9.6   14.4
638   3387.0   9.6   14.4
638   3388.0   0.0   6.9
639   3388.0   9.4   7.2
639   3389.0   9.6   14.4
639   3390.0   9.6   14.4
639   3391.0   9.6   14.4
639   3392.0   9.6   14.4
639   3393.0   9.6   14.4
639   3394.0   4.9   7.2
640   3394.0   4.6   7.2
640   3395.0   9.6   14.4
640   3396.0   9.6   14.4
640   3397.0   9.6   14.4
640   3398.0   9.6   14.4
640   3399.0   0.0   0.3
641   3399.0   9.7   13.0
641   3400.0   9.7   14.3
641   3401.0   9.7   14.3
641   3402.0   9.7   14.3
641   3403.0   9.7   13.1
642   3404.0   5.2   7.1
642   3405.0   9.7   14.3
642   3406.0   9.8   14.2
642   3407.0   9.8   14.2
642   3408.0   9.8   14.2
642   3409.0   0.0   1.2
643   3409.0   9.8   10.6
643   3410.0   9.8   14.2
643   3411.0   9.9   14.1
643   3412.0   9.9   14.1
643   3413.0   3.3   7.0
644   3413.0   1.4   7.0
644   3414.0   9.9   14.1
644   3415.0   10.0   14.0
644   3416.0   10.0   14.0
644   3417.0   10.0   14.0
644   3418.0   10.0   14.0
644   3419.0   0.7   7.0
645   3419.0   1.2   7.0
645   3420.0   10.1   13.9
645   3421.0   10.1   13.9
645   3422.0   10.1   13.9
645   3423.0   10.2   13.8
645   3424.0   4.6   6.9
646   3425.0   5.5   6.9
646   3426.0   10.3   13.7
646   3427.0   10.3   13.7
646   3428.0   10.3   13.7
646   3429.0   10.3   13.7
646   3430.0   0.0   0.2
647   3430.0   10.4   13.4
647   3431.0   10.4   13.6
647   3432.0   10.4   13.6
647   3433.0   10.5   13.5
647   3434.0   10.5   13.5
647   3435.0   0.0   4.7
648   3435.0   10.5   7.8
648   3436.0   10.6   13.4
648   3437.0   10.6   13.4
648   3438.0   10.6   13.4
648   3439.0   10.7   13.3
648   3440.0   0.0   6.5
649   3440.0   10.7   6.7
649   3441.0   10.7   13.3
649   3442.0   10.8   13.2
649   3443.0   0.0   0.1
650   3446.0   10.9   6.7
650   3447.0   10.9   13.1
650   3448.0   11.0   13.0
650   3449.0   11.0   13.0
650   3450.0   7.0   6.5
651   3450.0   4.0   6.5
651   3451.0   11.1   12.9
651   3452.0   11.1   12.9
651   3453.0   11.2   12.8
651   3454.0   0.5   6.4
652   3454.0   10.5   6.4
652   3455.0   11.2   12.8
652   3456.0   11.3   12.7
652   3457.0   11.3   12.7
652   3458.0   0.0   4.4
653   3458.0   11.3   7.5
653   3459.0   11.4   12.6
653   3460.0   11.4   12.6
653   3461.0   11.5   12.5
653   3462.0   11.5   12.5
653   3463.0   1.6   6.2
654   3463.0   9.8   6.2
654   3464.0   11.6   12.4
654   3465.0   11.6   12.4
654   3466.0   11.6   12.4
654   3467.0   11.7   12.3
654   3468.0   0.0   0.9
655   3468.0   11.7   11.3
655   3469.0   11.8   12.2
655   3470.0   11.8   12.2
655   3471.0   11.8   12.2
655   3472.0   11.9   6.5
656   3475.0   12.0   9.3
656   3476.0   12.0   12.0
656   3477.0   12.1   11.9
656   3478.0   7.8   5.9
657   3478.0   4.3   5.9
657   3479.0   12.1   11.9
657   3480.0   12.2   11.8
657   3481.0   12.2   11.8
657   3482.0   12.2   11.8
657   3483.0   12.3   11.7
657   3484.0   0.5   5.8
658   3484.0   11.5   5.8
658   3485.0   12.4   11.6
658   3486.0   12.4   11.6
658   3487.0   12.4   11.6
658   3488.0   7.2   5.8
659   3491.0   12.6   6.0
659   3492.0   12.6   11.4
659   3493.0   12.7   11.3
659   3494.0   0.0   5.1
660   3496.0   12.4   5.6
660   3497.0   12.8   11.2
660   3498.0   12.8   11.2
660   3499.0   0.0   0.7
661   3499.0   12.9   10.3
661   3500.0   12.9   11.1
661   3501.0   13.0   11.0
661   3502.0   13.0   11.0
661   3503.0   10.2   5.5
662   3503.0   1.7   5.5
662   3504.0   13.1   10.9
662   3505.0   13.1   10.9
662   3506.0   13.1   10.9
662   3507.0   13.2   10.8
662   3508.0   13.2   10.8
662   3509.0   0.0   2.7
663   3509.0   13.2   8.1
663   3510.0   13.3   10.7
663   3511.0   13.3   10.7
663   3512.0   13.3   10.7
663   3513.0   13.4   10.6
663   3514.0   12.4   5.3
664   3515.0   13.4   7.8
664   3516.0   13.5   10.5
664   3517.0   13.5   10.5
664   3518.0   13.5   10.5
664   3519.0   0.0   2.8
665   3519.0   13.6   7.5
665   3520.0   13.6   10.4
665   3521.0   13.6   10.4
665   3522.0   13.7   10.3
665   3523.0   13.7   10.3
665   3524.0   0.0   2.4
666   3524.0   13.7   7.3
666   3525.0   13.8   10.2
666   3526.0   13.8   10.2
666   3527.0   13.8   10.2
666   3528.0   13.8   10.2
666   3529.0   0.0   3.3
667   3529.0   13.9   6.3
667   3530.0   13.9   10.1
667   3531.0   13.9   10.1
667   3532.0   14.0   10.0
667   3533.0   14.0   10.0
667   3534.0   6.1   5.0
668   3534.0   7.6   5.0
668   3535.0   14.0   10.0
668   3536.0   14.1   9.9
668   3537.0   14.1   9.9
668   3538.0   14.1   9.9
668   3539.0   0.0   4.6
